"('par_costos_totales', 0)","('par_margen_de_reserva', 0)","('par_activacion_P28', 0)","('par_activacion_P27', 0)","('par_activacion_P26', 0)","('par_activacion_P25', 0)","('par_activacion_P24', 0)","('par_activacion_P23', 0)","('par_activacion_P22', 0)","('par_activacion_P21', 0)","('par_activacion_P20', 0)","('par_activacion_P19', 0)","('par_activacion_P18', 0)","('par_activacion_P17', 0)","('par_activacion_P16', 0)","('par_activacion_P15', 0)","('par_activacion_P14', 0)","('par_activacion_P13', 0)","('par_activacion_P12', 0)","('par_activacion_P11', 0)","('par_activacion_P10', 0)","('par_activacion_P9', 0)","('par_activacion_P8', 0)","('par_activacion_P7', 0)","('par_activacion_P6', 0)","('par_activacion_P5', 0)","('par_activacion_P4', 0)","('par_activacion_P3', 0)","('par_activacion_P2', 0)","('par_activacion_P1', 0)","('par_deficit_anc', 0)","('par_deficit_demand', 0)","('nodo_dummy', 0)","('nodo_anc', 0)","('nodo_demanda', 0)","('nodo_transferencia', 0)","('nodo_oferta_P28', 0)","('nodo_oferta_P27', 0)","('nodo_oferta_P26', 0)","('nodo_oferta_P25', 0)","('nodo_oferta_P24', 0)","('nodo_oferta_P23', 0)","('nodo_oferta_P22', 0)","('nodo_oferta_P21', 0)","('nodo_oferta_P20', 0)","('nodo_oferta_P19', 0)","('nodo_oferta_P18', 0)","('nodo_oferta_P17', 0)","('nodo_oferta_P16', 0)","('nodo_oferta_P15', 0)","('nodo_oferta_P14', 0)","('nodo_oferta_P13', 0)","('nodo_oferta_P12', 0)","('nodo_oferta_P11', 0)","('nodo_oferta_P10', 0)","('nodo_oferta_P9', 0)","('nodo_oferta_P8', 0)","('nodo_oferta_P7', 0)","('nodo_oferta_P6', 0)","('nodo_oferta_P5', 0)","('nodo_oferta_P4', 0)","('nodo_oferta_P3', 0)","('nodo_oferta_P2', 0)","('nodo_oferta_P1', 0)","('nodo_oferta_BAU', 0)"
4492213403.783,15.912499999999998,1.0,1.0,1.0,0.0,0.0,0.0,0.0,0.0,0.0,0.0,0.0,0.0,0.0,0.0,0.0,0.0,1.0,0.0,0.0,0.0,0.0,0.0,0.0,0.0,0.0,1.0,0.0,0.0,0.0,1.7126379910000002,0.0,6.911130509,7.398869491,14.31,0.0,0.0,0.0,0.0,0.0,0.0,0.0,0.0,0.0,0.0,0.0,0.0,0.0,0.0,0.0,0.0,0.0,0.0,0.0,0.0,0.0,0.0,0.0,0.0,0.0,0.0,0.0,0.0,14.31
4492213403.783,1.6024999999999974,1.0,1.0,1.0,0.0,0.0,0.0,0.0,0.0,0.0,0.0,0.0,0.0,0.0,0.0,0.0,0.0,1.0,0.0,0.0,0.0,0.0,0.0,0.0,0.0,0.0,1.0,0.0,0.0,0.0,3.2437254060000003,0.0,7.582605342,6.727394658000001,14.31,0.0,0.0,0.0,0.0,0.0,0.0,0.0,0.0,0.0,0.0,0.0,0.0,0.0,0.0,0.0,0.0,0.0,0.0,0.0,0.0,0.0,0.0,0.0,0.0,0.0,0.0,0.0,0.0,14.31
4492213403.783,1.6024999999999974,1.0,1.0,1.0,0.0,0.0,0.0,0.0,0.0,0.0,0.0,0.0,0.0,0.0,0.0,0.0,0.0,1.0,0.0,0.0,0.0,0.0,0.0,0.0,0.0,0.0,1.0,0.0,0.0,0.0,1.9199436479999985,0.0,7.020551498,7.289448502000001,14.31,0.0,0.0,0.0,0.0,0.0,0.0,0.0,0.0,0.0,0.0,0.0,0.0,0.0,0.0,0.0,0.0,0.0,0.0,0.0,0.0,0.0,0.0,0.0,0.0,0.0,0.0,0.0,0.0,14.31
4492213403.783,1.6024999999999974,1.0,1.0,1.0,0.0,0.0,0.0,0.0,0.0,0.0,0.0,0.0,0.0,0.0,0.0,0.0,0.0,1.0,0.0,0.0,0.0,0.0,0.0,0.0,0.0,0.0,1.0,0.0,0.0,0.0,3.144759983,0.0,7.560298564,6.7497014360000005,14.31,0.0,0.0,0.0,0.0,0.0,0.0,0.0,0.0,0.0,0.0,0.0,0.0,0.0,0.0,0.0,0.0,0.0,0.0,0.0,0.0,0.0,0.0,0.0,0.0,0.0,0.0,0.0,0.0,14.31
4492213403.783,1.6024999999999974,1.0,1.0,1.0,0.0,0.0,0.0,0.0,0.0,0.0,0.0,0.0,0.0,0.0,0.0,0.0,0.0,1.0,0.0,0.0,0.0,0.0,0.0,0.0,0.0,0.0,1.0,0.0,0.0,0.0,3.206789090999999,0.0,7.596454392,6.713545608,14.31,0.0,0.0,0.0,0.0,0.0,0.0,0.0,0.0,0.0,0.0,0.0,0.0,0.0,0.0,0.0,0.0,0.0,0.0,0.0,0.0,0.0,0.0,0.0,0.0,0.0,0.0,0.0,0.0,14.31
4492213403.783,1.6024999999999974,1.0,1.0,1.0,0.0,0.0,0.0,0.0,0.0,0.0,0.0,0.0,0.0,0.0,0.0,0.0,0.0,1.0,0.0,0.0,0.0,0.0,0.0,0.0,0.0,0.0,1.0,0.0,0.0,0.0,4.3394673059999995,0.0,8.096725996,6.2132740040000005,14.31,0.0,0.0,0.0,0.0,0.0,0.0,0.0,0.0,0.0,0.0,0.0,0.0,0.0,0.0,0.0,0.0,0.0,0.0,0.0,0.0,0.0,0.0,0.0,0.0,0.0,0.0,0.0,0.0,14.31
4492213403.783,1.6024999999999974,1.0,1.0,1.0,0.0,0.0,0.0,0.0,0.0,0.0,0.0,0.0,0.0,0.0,0.0,0.0,0.0,1.0,0.0,0.0,0.0,0.0,0.0,0.0,0.0,0.0,1.0,0.0,0.0,0.0,3.9910317109999998,0.0,7.953440081,6.356559919,14.31,0.0,0.0,0.0,0.0,0.0,0.0,0.0,0.0,0.0,0.0,0.0,0.0,0.0,0.0,0.0,0.0,0.0,0.0,0.0,0.0,0.0,0.0,0.0,0.0,0.0,0.0,0.0,0.0,14.31
4492213403.783,1.6024999999999974,1.0,1.0,1.0,0.0,0.0,0.0,0.0,0.0,0.0,0.0,0.0,0.0,0.0,0.0,0.0,0.0,1.0,0.0,0.0,0.0,0.0,0.0,0.0,0.0,0.0,1.0,0.0,0.0,0.0,4.357018019,0.0,8.119611829,6.190388171,14.31,0.0,0.0,0.0,0.0,0.0,0.0,0.0,0.0,0.0,0.0,0.0,0.0,0.0,0.0,0.0,0.0,0.0,0.0,0.0,0.0,0.0,0.0,0.0,0.0,0.0,0.0,0.0,0.0,14.31
4492213403.783,1.6024999999999974,1.0,1.0,1.0,0.0,0.0,0.0,0.0,0.0,0.0,0.0,0.0,0.0,0.0,0.0,0.0,0.0,1.0,0.0,0.0,0.0,0.0,0.0,0.0,0.0,0.0,1.0,0.0,0.0,0.0,4.697086902999999,0.0,8.273623843,6.036376157000001,14.31,0.0,0.0,0.0,0.0,0.0,0.0,0.0,0.0,0.0,0.0,0.0,0.0,0.0,0.0,0.0,0.0,0.0,0.0,0.0,0.0,0.0,0.0,0.0,0.0,0.0,0.0,0.0,0.0,14.31
4492213403.783,1.6024999999999974,1.0,1.0,1.0,0.0,0.0,0.0,0.0,0.0,0.0,0.0,0.0,0.0,0.0,0.0,0.0,0.0,1.0,0.0,0.0,0.0,0.0,0.0,0.0,0.0,0.0,1.0,0.0,0.0,0.0,3.444223708999999,0.0,7.732773949,6.577226051,14.31,0.0,0.0,0.0,0.0,0.0,0.0,0.0,0.0,0.0,0.0,0.0,0.0,0.0,0.0,0.0,0.0,0.0,0.0,0.0,0.0,0.0,0.0,0.0,0.0,0.0,0.0,0.0,0.0,14.31
4492213403.783,1.6024999999999974,1.0,1.0,1.0,0.0,0.0,0.0,0.0,0.0,0.0,0.0,0.0,0.0,0.0,0.0,0.0,0.0,1.0,0.0,0.0,0.0,0.0,0.0,0.0,0.0,0.0,1.0,0.0,0.0,0.0,3.4315444599999996,0.0,7.73047994,6.57952006,14.31,0.0,0.0,0.0,0.0,0.0,0.0,0.0,0.0,0.0,0.0,0.0,0.0,0.0,0.0,0.0,0.0,0.0,0.0,0.0,0.0,0.0,0.0,0.0,0.0,0.0,0.0,0.0,0.0,14.31
4492213403.783,1.6024999999999974,1.0,1.0,1.0,0.0,0.0,0.0,0.0,0.0,0.0,0.0,0.0,0.0,0.0,0.0,0.0,0.0,1.0,0.0,0.0,0.0,0.0,0.0,0.0,0.0,0.0,1.0,0.0,0.0,0.0,2.1270065050000007,0.0,7.163769,7.146231,14.31,0.0,0.0,0.0,0.0,0.0,0.0,0.0,0.0,0.0,0.0,0.0,0.0,0.0,0.0,0.0,0.0,0.0,0.0,0.0,0.0,0.0,0.0,0.0,0.0,0.0,0.0,0.0,0.0,14.31
4492213403.783,1.6024999999999974,1.0,1.0,1.0,0.0,0.0,0.0,0.0,0.0,0.0,0.0,0.0,0.0,0.0,0.0,0.0,0.0,1.0,0.0,0.0,0.0,0.0,0.0,0.0,0.0,0.0,1.0,0.0,0.0,0.0,1.9397585929999996,0.0,7.082515318,7.227484682000001,14.31,0.0,0.0,0.0,0.0,0.0,0.0,0.0,0.0,0.0,0.0,0.0,0.0,0.0,0.0,0.0,0.0,0.0,0.0,0.0,0.0,0.0,0.0,0.0,0.0,0.0,0.0,0.0,0.0,14.31
4492213403.783,1.6024999999999974,1.0,1.0,1.0,0.0,0.0,0.0,0.0,0.0,0.0,0.0,0.0,0.0,0.0,0.0,0.0,0.0,1.0,0.0,0.0,0.0,0.0,0.0,0.0,0.0,0.0,1.0,0.0,0.0,0.0,3.644926138999999,0.0,7.826282079,6.483717921,14.31,0.0,0.0,0.0,0.0,0.0,0.0,0.0,0.0,0.0,0.0,0.0,0.0,0.0,0.0,0.0,0.0,0.0,0.0,0.0,0.0,0.0,0.0,0.0,0.0,0.0,0.0,0.0,0.0,14.31
4492213403.783,1.6024999999999974,1.0,1.0,1.0,0.0,0.0,0.0,0.0,0.0,0.0,0.0,0.0,0.0,0.0,0.0,0.0,0.0,1.0,0.0,0.0,0.0,0.0,0.0,0.0,0.0,0.0,1.0,0.0,0.0,0.0,2.307111669,0.0,7.24385731,7.06614269,14.31,0.0,0.0,0.0,0.0,0.0,0.0,0.0,0.0,0.0,0.0,0.0,0.0,0.0,0.0,0.0,0.0,0.0,0.0,0.0,0.0,0.0,0.0,0.0,0.0,0.0,0.0,0.0,0.0,14.31
4492213403.783,1.6024999999999974,1.0,1.0,1.0,0.0,0.0,0.0,0.0,0.0,0.0,0.0,0.0,0.0,0.0,0.0,0.0,0.0,1.0,0.0,0.0,0.0,0.0,0.0,0.0,0.0,0.0,1.0,0.0,0.0,0.0,3.5038055229999996,0.0,7.766519393,6.543480607,14.31,0.0,0.0,0.0,0.0,0.0,0.0,0.0,0.0,0.0,0.0,0.0,0.0,0.0,0.0,0.0,0.0,0.0,0.0,0.0,0.0,0.0,0.0,0.0,0.0,0.0,0.0,0.0,0.0,14.31
4492213403.783,1.6024999999999974,1.0,1.0,1.0,0.0,0.0,0.0,0.0,0.0,0.0,0.0,0.0,0.0,0.0,0.0,0.0,0.0,1.0,0.0,0.0,0.0,0.0,0.0,0.0,0.0,0.0,1.0,0.0,0.0,0.0,3.587724735,0.0,7.804363745,6.505636255000001,14.31,0.0,0.0,0.0,0.0,0.0,0.0,0.0,0.0,0.0,0.0,0.0,0.0,0.0,0.0,0.0,0.0,0.0,0.0,0.0,0.0,0.0,0.0,0.0,0.0,0.0,0.0,0.0,0.0,14.31
4492213403.783,1.6024999999999974,1.0,1.0,1.0,0.0,0.0,0.0,0.0,0.0,0.0,0.0,0.0,0.0,0.0,0.0,0.0,0.0,1.0,0.0,0.0,0.0,0.0,0.0,0.0,0.0,0.0,1.0,0.0,0.0,0.0,4.774416229,0.0,8.323476409,5.986523591000001,14.31,0.0,0.0,0.0,0.0,0.0,0.0,0.0,0.0,0.0,0.0,0.0,0.0,0.0,0.0,0.0,0.0,0.0,0.0,0.0,0.0,0.0,0.0,0.0,0.0,0.0,0.0,0.0,0.0,14.31
4492213403.783,1.6024999999999974,1.0,1.0,1.0,0.0,0.0,0.0,0.0,0.0,0.0,0.0,0.0,0.0,0.0,0.0,0.0,0.0,1.0,0.0,0.0,0.0,0.0,0.0,0.0,0.0,0.0,1.0,0.0,0.0,0.0,4.509578487000001,0.0,8.209937457,6.100062543,14.31,0.0,0.0,0.0,0.0,0.0,0.0,0.0,0.0,0.0,0.0,0.0,0.0,0.0,0.0,0.0,0.0,0.0,0.0,0.0,0.0,0.0,0.0,0.0,0.0,0.0,0.0,0.0,0.0,14.31
4492213403.783,1.6024999999999974,1.0,1.0,1.0,0.0,0.0,0.0,0.0,0.0,0.0,0.0,0.0,0.0,0.0,0.0,0.0,0.0,1.0,0.0,0.0,0.0,0.0,0.0,0.0,0.0,0.0,1.0,0.0,0.0,0.0,4.819142327,0.0,8.347358407,5.962641593000001,14.31,0.0,0.0,0.0,0.0,0.0,0.0,0.0,0.0,0.0,0.0,0.0,0.0,0.0,0.0,0.0,0.0,0.0,0.0,0.0,0.0,0.0,0.0,0.0,0.0,0.0,0.0,0.0,0.0,14.31
4492213403.783,1.6024999999999974,1.0,1.0,1.0,0.0,0.0,0.0,0.0,0.0,0.0,0.0,0.0,0.0,0.0,0.0,0.0,0.0,1.0,0.0,0.0,0.0,0.0,0.0,0.0,0.0,0.0,1.0,0.0,0.0,0.0,5.219321077,0.0,8.524824667,5.785175333,14.31,0.0,0.0,0.0,0.0,0.0,0.0,0.0,0.0,0.0,0.0,0.0,0.0,0.0,0.0,0.0,0.0,0.0,0.0,0.0,0.0,0.0,0.0,0.0,0.0,0.0,0.0,0.0,0.0,14.31
4492213403.783,1.6024999999999974,1.0,1.0,1.0,0.0,0.0,0.0,0.0,0.0,0.0,0.0,0.0,0.0,0.0,0.0,0.0,0.0,1.0,0.0,0.0,0.0,0.0,0.0,0.0,0.0,0.0,1.0,0.0,0.0,0.0,3.8060180810000004,0.0,7.910948341,6.399051659,14.31,0.0,0.0,0.0,0.0,0.0,0.0,0.0,0.0,0.0,0.0,0.0,0.0,0.0,0.0,0.0,0.0,0.0,0.0,0.0,0.0,0.0,0.0,0.0,0.0,0.0,0.0,0.0,0.0,14.31
4492213403.783,1.6024999999999974,1.0,1.0,1.0,0.0,0.0,0.0,0.0,0.0,0.0,0.0,0.0,0.0,0.0,0.0,0.0,0.0,1.0,0.0,0.0,0.0,0.0,0.0,0.0,0.0,0.0,1.0,0.0,0.0,0.0,3.7926358529999984,0.0,7.908597013,6.401402987000001,14.31,0.0,0.0,0.0,0.0,0.0,0.0,0.0,0.0,0.0,0.0,0.0,0.0,0.0,0.0,0.0,0.0,0.0,0.0,0.0,0.0,0.0,0.0,0.0,0.0,0.0,0.0,0.0,0.0,14.31
4492213403.783,1.6024999999999974,1.0,1.0,1.0,0.0,0.0,0.0,0.0,0.0,0.0,0.0,0.0,0.0,0.0,0.0,0.0,0.0,1.0,0.0,0.0,0.0,0.0,0.0,0.0,0.0,0.0,1.0,0.0,0.0,0.0,2.480731368999999,0.0,7.339136752,6.970863248000001,14.31,0.0,0.0,0.0,0.0,0.0,0.0,0.0,0.0,0.0,0.0,0.0,0.0,0.0,0.0,0.0,0.0,0.0,0.0,0.0,0.0,0.0,0.0,0.0,0.0,0.0,0.0,0.0,0.0,14.31
4492213403.783,1.6024999999999974,1.0,1.0,1.0,0.0,0.0,0.0,0.0,0.0,0.0,0.0,0.0,0.0,0.0,0.0,0.0,0.0,1.0,0.0,0.0,0.0,0.0,0.0,0.0,0.0,0.0,1.0,0.0,0.0,0.0,2.7143712209999986,0.0,7.445454839,6.864545161000001,14.31,0.0,0.0,0.0,0.0,0.0,0.0,0.0,0.0,0.0,0.0,0.0,0.0,0.0,0.0,0.0,0.0,0.0,0.0,0.0,0.0,0.0,0.0,0.0,0.0,0.0,0.0,0.0,0.0,14.31
4492213403.783,1.6024999999999974,1.0,1.0,1.0,0.0,0.0,0.0,0.0,0.0,0.0,0.0,0.0,0.0,0.0,0.0,0.0,0.0,1.0,0.0,0.0,0.0,0.0,0.0,0.0,0.0,0.0,1.0,0.0,0.0,0.0,4.521722330999999,0.0,8.240424971,6.069575029000001,14.31,0.0,0.0,0.0,0.0,0.0,0.0,0.0,0.0,0.0,0.0,0.0,0.0,0.0,0.0,0.0,0.0,0.0,0.0,0.0,0.0,0.0,0.0,0.0,0.0,0.0,0.0,0.0,0.0,14.31
4492213403.783,1.6024999999999974,1.0,1.0,1.0,0.0,0.0,0.0,0.0,0.0,0.0,0.0,0.0,0.0,0.0,0.0,0.0,0.0,1.0,0.0,0.0,0.0,0.0,0.0,0.0,0.0,0.0,1.0,0.0,0.0,0.0,3.1301555289999987,0.0,7.635598332,6.674401668000001,14.31,0.0,0.0,0.0,0.0,0.0,0.0,0.0,0.0,0.0,0.0,0.0,0.0,0.0,0.0,0.0,0.0,0.0,0.0,0.0,0.0,0.0,0.0,0.0,0.0,0.0,0.0,0.0,0.0,14.31
4492213403.783,1.6024999999999974,1.0,1.0,1.0,0.0,0.0,0.0,0.0,0.0,0.0,0.0,0.0,0.0,0.0,0.0,0.0,0.0,1.0,0.0,0.0,0.0,0.0,0.0,0.0,0.0,0.0,1.0,0.0,0.0,0.0,4.392645654999999,0.0,8.192600395,6.117399605000001,14.31,0.0,0.0,0.0,0.0,0.0,0.0,0.0,0.0,0.0,0.0,0.0,0.0,0.0,0.0,0.0,0.0,0.0,0.0,0.0,0.0,0.0,0.0,0.0,0.0,0.0,0.0,0.0,0.0,14.31
4492213403.783,1.6024999999999974,1.0,1.0,1.0,0.0,0.0,0.0,0.0,0.0,0.0,0.0,0.0,0.0,0.0,0.0,0.0,0.0,1.0,0.0,0.0,0.0,0.0,0.0,0.0,0.0,0.0,1.0,0.0,0.0,0.0,4.485771798999998,0.0,8.237527249,6.072472751000001,14.31,0.0,0.0,0.0,0.0,0.0,0.0,0.0,0.0,0.0,0.0,0.0,0.0,0.0,0.0,0.0,0.0,0.0,0.0,0.0,0.0,0.0,0.0,0.0,0.0,0.0,0.0,0.0,0.0,14.31
4492213403.783,1.6024999999999974,1.0,1.0,1.0,0.0,0.0,0.0,0.0,0.0,0.0,0.0,0.0,0.0,0.0,0.0,0.0,0.0,1.0,0.0,0.0,0.0,0.0,0.0,0.0,0.0,0.0,1.0,0.0,0.0,0.0,5.741741852999999,0.0,8.792206253,5.517793747000001,14.31,0.0,0.0,0.0,0.0,0.0,0.0,0.0,0.0,0.0,0.0,0.0,0.0,0.0,0.0,0.0,0.0,0.0,0.0,0.0,0.0,0.0,0.0,0.0,0.0,0.0,0.0,0.0,0.0,14.31
4492213403.783,1.6024999999999974,1.0,1.0,1.0,0.0,0.0,0.0,0.0,0.0,0.0,0.0,0.0,0.0,0.0,0.0,0.0,0.0,1.0,0.0,0.0,0.0,0.0,0.0,0.0,0.0,0.0,1.0,0.0,0.0,0.0,5.468964625,0.0,8.676580245,5.633419755,14.31,0.0,0.0,0.0,0.0,0.0,0.0,0.0,0.0,0.0,0.0,0.0,0.0,0.0,0.0,0.0,0.0,0.0,0.0,0.0,0.0,0.0,0.0,0.0,0.0,0.0,0.0,0.0,0.0,14.31
4492213403.783,1.6024999999999974,1.0,1.0,1.0,0.0,0.0,0.0,0.0,0.0,0.0,0.0,0.0,0.0,0.0,0.0,0.0,0.0,1.0,0.0,0.0,0.0,0.0,0.0,0.0,0.0,0.0,1.0,0.0,0.0,0.0,5.79010991,0.0,8.82128941,5.48871059,14.31,0.0,0.0,0.0,0.0,0.0,0.0,0.0,0.0,0.0,0.0,0.0,0.0,0.0,0.0,0.0,0.0,0.0,0.0,0.0,0.0,0.0,0.0,0.0,0.0,0.0,0.0,0.0,0.0,14.31
4492213403.783,1.6024999999999974,1.0,1.0,1.0,0.0,0.0,0.0,0.0,0.0,0.0,0.0,0.0,0.0,0.0,0.0,0.0,0.0,1.0,0.0,0.0,0.0,0.0,0.0,0.0,0.0,0.0,1.0,0.0,0.0,0.0,6.201487695999999,0.0,9.005500686,5.304499314000001,14.31,0.0,0.0,0.0,0.0,0.0,0.0,0.0,0.0,0.0,0.0,0.0,0.0,0.0,0.0,0.0,0.0,0.0,0.0,0.0,0.0,0.0,0.0,0.0,0.0,0.0,0.0,0.0,0.0,14.31
4492213403.783,1.6024999999999974,1.0,1.0,1.0,0.0,0.0,0.0,0.0,0.0,0.0,0.0,0.0,0.0,0.0,0.0,0.0,0.0,1.0,0.0,0.0,0.0,0.0,0.0,0.0,0.0,0.0,1.0,0.0,0.0,0.0,4.701792823999998,0.0,8.350229824,5.959770176000001,14.31,0.0,0.0,0.0,0.0,0.0,0.0,0.0,0.0,0.0,0.0,0.0,0.0,0.0,0.0,0.0,0.0,0.0,0.0,0.0,0.0,0.0,0.0,0.0,0.0,0.0,0.0,0.0,0.0,14.31
4492213403.783,1.6024999999999974,1.0,1.0,1.0,0.0,0.0,0.0,0.0,0.0,0.0,0.0,0.0,0.0,0.0,0.0,0.0,0.0,1.0,0.0,0.0,0.0,0.0,0.0,0.0,0.0,0.0,1.0,0.0,0.0,0.0,4.691960238999998,0.0,8.348820659,5.961179341000001,14.31,0.0,0.0,0.0,0.0,0.0,0.0,0.0,0.0,0.0,0.0,0.0,0.0,0.0,0.0,0.0,0.0,0.0,0.0,0.0,0.0,0.0,0.0,0.0,0.0,0.0,0.0,0.0,0.0,14.31
4492213403.783,1.6024999999999974,1.0,1.0,1.0,0.0,0.0,0.0,0.0,0.0,0.0,0.0,0.0,0.0,0.0,0.0,0.0,0.0,1.0,0.0,0.0,0.0,0.0,0.0,0.0,0.0,0.0,1.0,0.0,0.0,0.0,3.3180535740000003,0.0,7.747619985,6.5623800150000005,14.31,0.0,0.0,0.0,0.0,0.0,0.0,0.0,0.0,0.0,0.0,0.0,0.0,0.0,0.0,0.0,0.0,0.0,0.0,0.0,0.0,0.0,0.0,0.0,0.0,0.0,0.0,0.0,0.0,14.31
6125101712.513,2.922500000000001,1.0,1.0,1.0,1.0,0.0,0.0,0.0,0.0,0.0,0.0,0.0,0.0,0.0,0.0,0.0,0.0,1.0,0.0,0.0,0.0,0.0,0.0,0.0,0.0,0.0,1.0,1.0,1.0,0.0,3.299564566999999,-3.469446951953614e-17,7.759262405,6.590737595,14.350000000000001,0.0,0.04,0.0,0.0,0.0,0.0,0.0,0.0,0.0,0.0,0.0,0.0,0.0,0.0,0.0,0.0,0.0,0.0,0.0,0.0,0.0,0.0,0.0,0.0,0.0,0.0,0.0,0.0,14.31
6125101712.513,2.8825000000000003,1.0,1.0,1.0,1.0,0.0,0.0,0.0,0.0,0.0,0.0,0.0,0.0,0.0,0.0,0.0,0.0,1.0,0.0,0.0,0.0,0.0,0.0,0.0,0.0,0.0,1.0,1.0,1.0,-1.7763568394002505e-15,4.51601453,-9.228728892196614e-16,8.296419100000001,6.0535809,14.35,0.0,0.04,0.0,0.0,0.0,0.0,0.0,0.0,0.0,0.0,0.0,0.0,0.0,0.0,0.0,0.0,0.0,0.0,0.0,0.0,0.0,0.0,0.0,0.0,0.0,0.0,0.0,0.0,14.31
6125101712.513,2.8825000000000003,1.0,1.0,1.0,1.0,0.0,0.0,0.0,0.0,0.0,0.0,0.0,0.0,0.0,0.0,0.0,0.0,1.0,0.0,0.0,0.0,0.0,0.0,0.0,0.0,0.0,1.0,1.0,1.0,0.0,3.742705839,-3.469446951953614e-17,7.958671269,6.391328731000001,14.350000000000001,0.0,0.04,0.0,0.0,0.0,0.0,0.0,0.0,0.0,0.0,0.0,0.0,0.0,0.0,0.0,0.0,0.0,0.0,0.0,0.0,0.0,0.0,0.0,0.0,0.0,0.0,0.0,0.0,14.31
6125101712.513,2.8825000000000003,1.0,1.0,1.0,1.0,0.0,0.0,0.0,0.0,0.0,0.0,0.0,0.0,0.0,0.0,0.0,0.0,1.0,0.0,0.0,0.0,0.0,0.0,0.0,0.0,0.0,1.0,1.0,1.0,-1.7763568394002505e-15,5.048952637000001,-9.228728892196614e-16,8.535818547000002,5.814181453,14.35,0.0,0.04,0.0,0.0,0.0,0.0,0.0,0.0,0.0,0.0,0.0,0.0,0.0,0.0,0.0,0.0,0.0,0.0,0.0,0.0,0.0,0.0,0.0,0.0,0.0,0.0,0.0,0.0,14.31
6125101712.513,2.8825000000000003,1.0,1.0,1.0,1.0,0.0,0.0,0.0,0.0,0.0,0.0,0.0,0.0,0.0,0.0,0.0,0.0,1.0,0.0,0.0,0.0,0.0,0.0,0.0,0.0,0.0,1.0,1.0,1.0,0.0,5.139361431999999,8.534839501805891e-16,8.578246762,5.7717532380000005,14.35,0.0,0.04,0.0,0.0,0.0,0.0,0.0,0.0,0.0,0.0,0.0,0.0,0.0,0.0,0.0,0.0,0.0,0.0,0.0,0.0,0.0,0.0,0.0,0.0,0.0,0.0,0.0,0.0,14.31
6125101712.513,2.882500000000002,1.0,1.0,1.0,1.0,0.0,0.0,0.0,0.0,0.0,0.0,0.0,0.0,0.0,0.0,0.0,0.0,1.0,0.0,0.0,0.0,0.0,0.0,0.0,0.0,0.0,1.0,1.0,1.0,0.0,6.43919344,8.534839501805891e-16,9.15329895,5.19670105,14.35,0.0,0.04,0.0,0.0,0.0,0.0,0.0,0.0,0.0,0.0,0.0,0.0,0.0,0.0,0.0,0.0,0.0,0.0,0.0,0.0,0.0,0.0,0.0,0.0,0.0,0.0,0.0,0.0,14.31
6125101712.513,2.882500000000002,1.0,1.0,1.0,1.0,0.0,0.0,0.0,0.0,0.0,0.0,0.0,0.0,0.0,0.0,0.0,0.0,1.0,0.0,0.0,0.0,0.0,0.0,0.0,0.0,0.0,1.0,1.0,1.0,-1.7763568394002505e-15,6.160700591000001,-9.228728892196614e-16,9.033696341000002,5.316303658999999,14.35,0.0,0.04,0.0,0.0,0.0,0.0,0.0,0.0,0.0,0.0,0.0,0.0,0.0,0.0,0.0,0.0,0.0,0.0,0.0,0.0,0.0,0.0,0.0,0.0,0.0,0.0,0.0,0.0,14.31
6125101712.513,2.8825000000000003,1.0,1.0,1.0,1.0,0.0,0.0,0.0,0.0,0.0,0.0,0.0,0.0,0.0,0.0,0.0,0.0,1.0,0.0,0.0,0.0,0.0,0.0,0.0,0.0,0.0,1.0,1.0,1.0,-1.7763568394002505e-15,6.487746581,-9.228728892196614e-16,9.180947231000001,5.169052769,14.35,0.0,0.04,0.0,0.0,0.0,0.0,0.0,0.0,0.0,0.0,0.0,0.0,0.0,0.0,0.0,0.0,0.0,0.0,0.0,0.0,0.0,0.0,0.0,0.0,0.0,0.0,0.0,0.0,14.31
6125101712.513,2.8825000000000003,1.0,1.0,1.0,1.0,0.0,0.0,0.0,0.0,0.0,0.0,0.0,0.0,0.0,0.0,0.0,0.0,1.0,0.0,0.0,0.0,0.0,0.0,0.0,0.0,0.0,1.0,1.0,1.0,-1.7763568394002505e-15,6.913271864,-9.228728892196614e-16,9.371868504000002,4.978131496,14.35,0.0,0.04,0.0,0.0,0.0,0.0,0.0,0.0,0.0,0.0,0.0,0.0,0.0,0.0,0.0,0.0,0.0,0.0,0.0,0.0,0.0,0.0,0.0,0.0,0.0,0.0,0.0,0.0,14.31
6125101712.513,2.8825000000000003,1.0,1.0,1.0,1.0,0.0,0.0,0.0,0.0,0.0,0.0,0.0,0.0,0.0,0.0,0.0,0.0,1.0,0.0,0.0,0.0,0.0,0.0,0.0,0.0,0.0,1.0,1.0,1.0,0.0,5.348977420000001,8.534839501805891e-16,8.68575526,5.664244739999999,14.35,0.0,0.04,0.0,0.0,0.0,0.0,0.0,0.0,0.0,0.0,0.0,0.0,0.0,0.0,0.0,0.0,0.0,0.0,0.0,0.0,0.0,0.0,0.0,0.0,0.0,0.0,0.0,0.0,14.31
6125101712.513,2.882500000000002,1.0,1.0,1.0,1.0,0.0,0.0,0.0,0.0,0.0,0.0,0.0,0.0,0.0,0.0,0.0,0.0,1.0,0.0,0.0,0.0,0.0,0.0,0.0,0.0,0.0,1.0,1.0,1.0,-1.7763568394002505e-15,5.354604242999999,-9.228728892196614e-16,8.691780123000001,5.6582198770000005,14.35,0.0,0.04,0.0,0.0,0.0,0.0,0.0,0.0,0.0,0.0,0.0,0.0,0.0,0.0,0.0,0.0,0.0,0.0,0.0,0.0,0.0,0.0,0.0,0.0,0.0,0.0,0.0,0.0,14.31
6125101712.513,2.8825000000000003,1.0,1.0,1.0,1.0,0.0,0.0,0.0,0.0,0.0,0.0,0.0,0.0,0.0,0.0,0.0,0.0,1.0,0.0,0.0,0.0,0.0,0.0,0.0,0.0,0.0,1.0,1.0,1.0,0.0,3.935040283000001,8.534839501805891e-16,8.069082973,6.280917026999999,14.35,0.0,0.04,0.0,0.0,0.0,0.0,0.0,0.0,0.0,0.0,0.0,0.0,0.0,0.0,0.0,0.0,0.0,0.0,0.0,0.0,0.0,0.0,0.0,0.0,0.0,0.0,0.0,0.0,14.31
6125101712.513,2.882500000000002,1.0,1.0,1.0,1.0,0.0,0.0,0.0,0.0,0.0,0.0,0.0,0.0,0.0,0.0,0.0,0.0,1.0,0.0,0.0,0.0,0.0,0.0,0.0,0.0,0.0,1.0,1.0,1.0,0.0,2.9621935109999997,-1.6653345369377348e-16,7.834202085,6.948297915,14.7825,0.0375,0.04,0.075,0.32,0.0,0.0,0.0,0.0,0.0,0.0,0.0,0.0,0.0,0.0,0.0,0.0,0.0,0.0,0.0,0.0,0.0,0.0,0.0,0.0,0.0,0.0,0.0,0.0,14.31
6125101712.513,2.450000000000001,1.0,1.0,1.0,1.0,0.0,0.0,0.0,0.0,0.0,0.0,0.0,0.0,0.0,0.0,0.0,0.0,1.0,0.0,0.0,0.0,0.0,0.0,0.0,0.0,0.0,1.0,1.0,1.0,0.0,4.876852747999999,-1.6653345369377348e-16,8.683477918,6.099022082000001,14.7825,0.0375,0.04,0.075,0.32,0.0,0.0,0.0,0.0,0.0,0.0,0.0,0.0,0.0,0.0,0.0,0.0,0.0,0.0,0.0,0.0,0.0,0.0,0.0,0.0,0.0,0.0,0.0,0.0,14.31
6125101712.513,2.450000000000001,1.0,1.0,1.0,1.0,0.0,0.0,0.0,0.0,0.0,0.0,0.0,0.0,0.0,0.0,0.0,0.0,1.0,0.0,0.0,0.0,0.0,0.0,0.0,0.0,0.0,1.0,1.0,1.0,0.0,3.4211149780000003,-1.6653345369377348e-16,8.044150108,6.7383498920000005,14.7825,0.0375,0.04,0.075,0.32,0.0,0.0,0.0,0.0,0.0,0.0,0.0,0.0,0.0,0.0,0.0,0.0,0.0,0.0,0.0,0.0,0.0,0.0,0.0,0.0,0.0,0.0,0.0,0.0,14.31
6125101712.513,2.450000000000001,1.0,1.0,1.0,1.0,0.0,0.0,0.0,0.0,0.0,0.0,0.0,0.0,0.0,0.0,0.0,0.0,1.0,0.0,0.0,0.0,0.0,0.0,0.0,0.0,0.0,1.0,1.0,1.0,0.0,4.732640180999999,-1.6653345369377348e-16,8.627632791,6.154867209000001,14.7825,0.0375,0.04,0.075,0.32,0.0,0.0,0.0,0.0,0.0,0.0,0.0,0.0,0.0,0.0,0.0,0.0,0.0,0.0,0.0,0.0,0.0,0.0,0.0,0.0,0.0,0.0,0.0,0.0,14.31
6125101712.513,2.450000000000001,1.0,1.0,1.0,1.0,0.0,0.0,0.0,0.0,0.0,0.0,0.0,0.0,0.0,0.0,0.0,0.0,1.0,0.0,0.0,0.0,0.0,0.0,0.0,0.0,0.0,1.0,1.0,1.0,0.0,4.811691913000001,-1.6653345369377348e-16,8.666501303,6.115998697,14.7825,0.0375,0.04,0.075,0.32,0.0,0.0,0.0,0.0,0.0,0.0,0.0,0.0,0.0,0.0,0.0,0.0,0.0,0.0,0.0,0.0,0.0,0.0,0.0,0.0,0.0,0.0,0.0,0.0,14.31
6125101712.513,2.450000000000001,1.0,1.0,1.0,1.0,0.0,0.0,0.0,0.0,0.0,0.0,0.0,0.0,0.0,0.0,0.0,0.0,1.0,0.0,0.0,0.0,0.0,0.0,0.0,0.0,0.0,1.0,1.0,1.0,0.0,6.1091754489999985,-1.6653345369377348e-16,9.244529569,5.5379704310000015,14.7825,0.0375,0.04,0.075,0.32,0.0,0.0,0.0,0.0,0.0,0.0,0.0,0.0,0.0,0.0,0.0,0.0,0.0,0.0,0.0,0.0,0.0,0.0,0.0,0.0,0.0,0.0,0.0,0.0,14.31
6125101712.513,2.450000000000001,1.0,1.0,1.0,1.0,0.0,0.0,0.0,0.0,0.0,0.0,0.0,0.0,0.0,0.0,0.0,0.0,1.0,0.0,0.0,0.0,0.0,0.0,0.0,0.0,0.0,1.0,1.0,1.0,0.0,5.821453391,-1.6653345369377348e-16,9.121272511,5.661227489,14.7825,0.0375,0.04,0.075,0.32,0.0,0.0,0.0,0.0,0.0,0.0,0.0,0.0,0.0,0.0,0.0,0.0,0.0,0.0,0.0,0.0,0.0,0.0,0.0,0.0,0.0,0.0,0.0,0.0,14.31
6125101712.513,2.450000000000001,1.0,1.0,1.0,1.0,0.0,0.0,0.0,0.0,0.0,0.0,0.0,0.0,0.0,0.0,0.0,0.0,1.0,0.0,0.0,0.0,0.0,0.0,0.0,0.0,0.0,1.0,1.0,1.0,0.0,6.137841223999999,-1.6653345369377348e-16,9.265413394,5.517086606000001,14.7825,0.0375,0.04,0.075,0.32,0.0,0.0,0.0,0.0,0.0,0.0,0.0,0.0,0.0,0.0,0.0,0.0,0.0,0.0,0.0,0.0,0.0,0.0,0.0,0.0,0.0,0.0,0.0,0.0,14.31
6125101712.513,2.450000000000001,1.0,1.0,1.0,1.0,0.0,0.0,0.0,0.0,0.0,0.0,0.0,0.0,0.0,0.0,0.0,0.0,1.0,0.0,0.0,0.0,0.0,0.0,0.0,0.0,0.0,1.0,1.0,1.0,0.0,6.570315594,-1.6653345369377348e-16,9.461060034,5.321439966,14.7825,0.0375,0.04,0.075,0.32,0.0,0.0,0.0,0.0,0.0,0.0,0.0,0.0,0.0,0.0,0.0,0.0,0.0,0.0,0.0,0.0,0.0,0.0,0.0,0.0,0.0,0.0,0.0,0.0,14.31
6125101712.513,2.450000000000001,1.0,1.0,1.0,1.0,0.0,0.0,0.0,0.0,0.0,0.0,0.0,0.0,0.0,0.0,0.0,0.0,1.0,0.0,0.0,0.0,0.0,0.0,0.0,0.0,0.0,1.0,1.0,1.0,0.0,4.995624835999999,-1.6653345369377348e-16,8.767089326,6.015410674,14.7825,0.0375,0.04,0.075,0.32,0.0,0.0,0.0,0.0,0.0,0.0,0.0,0.0,0.0,0.0,0.0,0.0,0.0,0.0,0.0,0.0,0.0,0.0,0.0,0.0,0.0,0.0,0.0,0.0,14.31
6125101712.513,2.450000000000001,1.0,1.0,1.0,1.0,0.0,0.0,0.0,0.0,0.0,0.0,0.0,0.0,0.0,0.0,0.0,0.0,1.0,0.0,0.0,0.0,0.0,0.0,0.0,0.0,0.0,1.0,1.0,1.0,0.0,5.021581578999999,-1.6653345369377348e-16,8.782281689,6.000218311000001,14.7825,0.0375,0.04,0.075,0.32,0.0,0.0,0.0,0.0,0.0,0.0,0.0,0.0,0.0,0.0,0.0,0.0,0.0,0.0,0.0,0.0,0.0,0.0,0.0,0.0,0.0,0.0,0.0,0.0,14.31
6125101712.513,2.450000000000001,1.0,1.0,1.0,1.0,0.0,0.0,0.0,0.0,0.0,0.0,0.0,0.0,0.0,0.0,0.0,0.0,1.0,0.0,0.0,0.0,0.0,0.0,0.0,0.0,0.0,1.0,1.0,1.0,0.0,3.599808639999999,-1.6653345369377348e-16,8.15513831,6.627361690000001,14.7825,0.0375,0.04,0.075,0.32,0.0,0.0,0.0,0.0,0.0,0.0,0.0,0.0,0.0,0.0,0.0,0.0,0.0,0.0,0.0,0.0,0.0,0.0,0.0,0.0,0.0,0.0,0.0,0.0,14.31
6125101712.513,2.450000000000001,1.0,1.0,1.0,1.0,0.0,0.0,0.0,0.0,0.0,0.0,0.0,0.0,0.0,0.0,0.0,0.0,1.0,0.0,0.0,0.0,0.0,0.0,0.0,0.0,0.0,1.0,1.0,1.0,0.0,3.1043117869999985,-1.6653345369377348e-16,8.160414737,7.122085263000001,15.2825,0.0375,0.04,0.075,0.32,0.0,0.0,0.0,0.0,0.0,0.0,0.0,0.0,0.0,0.0,0.0,0.0,0.0,0.0,0.0,0.0,0.0,0.0,0.0,0.0,0.0,0.5,0.0,0.0,14.31
6125101712.513,1.950000000000001,1.0,1.0,1.0,1.0,0.0,0.0,0.0,0.0,0.0,0.0,0.0,0.0,0.0,0.0,0.0,0.0,1.0,0.0,0.0,0.0,0.0,0.0,0.0,0.0,0.0,1.0,1.0,1.0,0.0,5.093706994999998,-1.6653345369377348e-16,9.046957175,6.235542825000001,15.2825,0.0375,0.04,0.075,0.32,0.0,0.0,0.0,0.0,0.0,0.0,0.0,0.0,0.0,0.0,0.0,0.0,0.0,0.0,0.0,0.0,0.0,0.0,0.0,0.0,0.0,0.5,0.0,0.0,14.31
6125101712.513,1.950000000000001,1.0,1.0,1.0,1.0,0.0,0.0,0.0,0.0,0.0,0.0,0.0,0.0,0.0,0.0,0.0,0.0,1.0,0.0,0.0,0.0,0.0,0.0,0.0,0.0,0.0,1.0,1.0,1.0,0.0,3.58540215,-1.6653345369377348e-16,8.38059224,6.90190776,15.2825,0.0375,0.04,0.075,0.32,0.0,0.0,0.0,0.0,0.0,0.0,0.0,0.0,0.0,0.0,0.0,0.0,0.0,0.0,0.0,0.0,0.0,0.0,0.0,0.0,0.0,0.5,0.0,0.0,14.31
6125101712.513,1.950000000000001,1.0,1.0,1.0,1.0,0.0,0.0,0.0,0.0,0.0,0.0,0.0,0.0,0.0,0.0,0.0,0.0,1.0,0.0,0.0,0.0,0.0,0.0,0.0,0.0,0.0,1.0,1.0,1.0,0.0,4.943268663,-1.6653345369377348e-16,8.987237113,6.295262887,15.2825,0.0375,0.04,0.075,0.32,0.0,0.0,0.0,0.0,0.0,0.0,0.0,0.0,0.0,0.0,0.0,0.0,0.0,0.0,0.0,0.0,0.0,0.0,0.0,0.0,0.0,0.5,0.0,0.0,14.31
6125101712.513,1.950000000000001,1.0,1.0,1.0,1.0,0.0,0.0,0.0,0.0,0.0,0.0,0.0,0.0,0.0,0.0,0.0,0.0,1.0,0.0,0.0,0.0,0.0,0.0,0.0,0.0,0.0,1.0,1.0,1.0,0.0,5.019335954999999,-1.6653345369377348e-16,9.024525245,6.257974755000001,15.2825,0.0375,0.04,0.075,0.32,0.0,0.0,0.0,0.0,0.0,0.0,0.0,0.0,0.0,0.0,0.0,0.0,0.0,0.0,0.0,0.0,0.0,0.0,0.0,0.0,0.0,0.5,0.0,0.0,14.31
6125101712.513,1.950000000000001,1.0,1.0,1.0,1.0,0.0,0.0,0.0,0.0,0.0,0.0,0.0,0.0,0.0,0.0,0.0,0.0,1.0,0.0,0.0,0.0,0.0,0.0,0.0,0.0,0.0,1.0,1.0,1.0,0.0,6.3580279829999995,-1.6653345369377348e-16,9.623260833,5.659239167000001,15.2825,0.0375,0.04,0.075,0.32,0.0,0.0,0.0,0.0,0.0,0.0,0.0,0.0,0.0,0.0,0.0,0.0,0.0,0.0,0.0,0.0,0.0,0.0,0.0,0.0,0.0,0.5,0.0,0.0,14.31
6125101712.513,1.950000000000001,1.0,1.0,1.0,1.0,0.0,0.0,0.0,0.0,0.0,0.0,0.0,0.0,0.0,0.0,0.0,0.0,1.0,0.0,0.0,0.0,0.0,0.0,0.0,0.0,0.0,1.0,1.0,1.0,0.0,6.048862446999999,-1.6653345369377348e-16,9.489328437,5.793171563000001,15.2825,0.0375,0.04,0.075,0.32,0.0,0.0,0.0,0.0,0.0,0.0,0.0,0.0,0.0,0.0,0.0,0.0,0.0,0.0,0.0,0.0,0.0,0.0,0.0,0.0,0.0,0.5,0.0,0.0,14.31
6125101712.513,1.950000000000001,1.0,1.0,1.0,1.0,0.0,0.0,0.0,0.0,0.0,0.0,0.0,0.0,0.0,0.0,0.0,0.0,1.0,0.0,0.0,0.0,0.0,0.0,0.0,0.0,0.0,1.0,1.0,1.0,0.0,6.357903538,-1.6653345369377348e-16,9.630337258,5.652162742,15.2825,0.0375,0.04,0.075,0.32,0.0,0.0,0.0,0.0,0.0,0.0,0.0,0.0,0.0,0.0,0.0,0.0,0.0,0.0,0.0,0.0,0.0,0.0,0.0,0.0,0.0,0.5,0.0,0.0,14.31
6125101712.513,1.950000000000001,1.0,1.0,1.0,1.0,0.0,0.0,0.0,0.0,0.0,0.0,0.0,0.0,0.0,0.0,0.0,0.0,1.0,0.0,0.0,0.0,0.0,0.0,0.0,0.0,0.0,1.0,1.0,1.0,0.0,6.807346838999999,-1.6653345369377348e-16,9.833871769,5.448628231000001,15.2825,0.0375,0.04,0.075,0.32,0.0,0.0,0.0,0.0,0.0,0.0,0.0,0.0,0.0,0.0,0.0,0.0,0.0,0.0,0.0,0.0,0.0,0.0,0.0,0.0,0.0,0.5,0.0,0.0,14.31
6125101712.513,1.950000000000001,1.0,1.0,1.0,1.0,0.0,0.0,0.0,0.0,0.0,0.0,0.0,0.0,0.0,0.0,0.0,0.0,1.0,0.0,0.0,0.0,0.0,0.0,0.0,0.0,0.0,1.0,1.0,1.0,0.0,5.180003993999998,-1.6653345369377348e-16,9.112602004,6.169897996000001,15.2825,0.0375,0.04,0.075,0.32,0.0,0.0,0.0,0.0,0.0,0.0,0.0,0.0,0.0,0.0,0.0,0.0,0.0,0.0,0.0,0.0,0.0,0.0,0.0,0.0,0.0,0.5,0.0,0.0,14.31
6125101712.513,1.950000000000001,1.0,1.0,1.0,1.0,0.0,0.0,0.0,0.0,0.0,0.0,0.0,0.0,0.0,0.0,0.0,0.0,1.0,0.0,0.0,0.0,0.0,0.0,0.0,0.0,0.0,1.0,1.0,1.0,0.0,5.219444081999999,-1.6653345369377348e-16,9.133268262,6.149231738000001,15.2825,0.0375,0.04,0.075,0.32,0.0,0.0,0.0,0.0,0.0,0.0,0.0,0.0,0.0,0.0,0.0,0.0,0.0,0.0,0.0,0.0,0.0,0.0,0.0,0.0,0.0,0.5,0.0,0.0,14.31
6125101712.513,1.950000000000001,1.0,1.0,1.0,1.0,0.0,0.0,0.0,0.0,0.0,0.0,0.0,0.0,0.0,0.0,0.0,0.0,1.0,0.0,0.0,0.0,0.0,0.0,0.0,0.0,0.0,1.0,1.0,1.0,0.0,3.749598034,-1.6653345369377348e-16,8.481268134,6.801231866,15.2825,0.0375,0.04,0.075,0.32,0.0,0.0,0.0,0.0,0.0,0.0,0.0,0.0,0.0,0.0,0.0,0.0,0.0,0.0,0.0,0.0,0.0,0.0,0.0,0.0,0.0,0.5,0.0,0.0,14.31
15243254041.051,4.600000000000003,1.0,1.0,1.0,1.0,1.0,1.0,0.0,0.0,0.0,0.0,0.0,0.0,0.0,0.0,0.0,0.0,1.0,0.0,0.0,1.0,0.0,0.0,0.0,0.0,1.0,1.0,1.0,1.0,0.0,3.559984339999998,-1.6653345369377348e-16,8.39944336,6.883056640000001,15.2825,0.0375,0.04,0.075,0.32,0.0,0.0,0.0,0.0,0.0,0.0,0.0,0.0,0.0,0.0,0.0,0.0,0.0,0.0,0.0,0.0,0.0,0.0,0.0,0.0,0.0,0.5,0.0,0.0,14.31
15243254041.051,4.600000000000003,1.0,1.0,1.0,1.0,1.0,1.0,0.0,0.0,0.0,0.0,0.0,0.0,0.0,0.0,0.0,0.0,1.0,0.0,0.0,1.0,0.0,0.0,0.0,0.0,1.0,1.0,1.0,1.0,0.0,5.606220409999999,-1.6653345369377348e-16,9.31455927,5.9679407300000005,15.2825,0.0375,0.04,0.075,0.32,0.0,0.0,0.0,0.0,0.0,0.0,0.0,0.0,0.0,0.0,0.0,0.0,0.0,0.0,0.0,0.0,0.0,0.0,0.0,0.0,0.0,0.5,0.0,0.0,14.31
15243254041.051,4.600000000000003,1.0,1.0,1.0,1.0,1.0,1.0,0.0,0.0,0.0,0.0,0.0,0.0,0.0,0.0,0.0,0.0,1.0,0.0,0.0,1.0,0.0,0.0,0.0,0.0,1.0,1.0,1.0,1.0,0.0,4.062570215999999,-1.6653345369377348e-16,8.628982226,6.653517774000001,15.2825,0.0375,0.04,0.075,0.32,0.0,0.0,0.0,0.0,0.0,0.0,0.0,0.0,0.0,0.0,0.0,0.0,0.0,0.0,0.0,0.0,0.0,0.0,0.0,0.0,0.0,0.5,0.0,0.0,14.31
15243254041.051,4.600000000000003,1.0,1.0,1.0,1.0,1.0,1.0,0.0,0.0,0.0,0.0,0.0,0.0,0.0,0.0,0.0,0.0,1.0,0.0,0.0,1.0,0.0,0.0,0.0,0.0,1.0,1.0,1.0,1.0,0.0,5.453485048999999,-1.6653345369377348e-16,9.252394179,6.030105821000001,15.2825,0.0375,0.04,0.075,0.32,0.0,0.0,0.0,0.0,0.0,0.0,0.0,0.0,0.0,0.0,0.0,0.0,0.0,0.0,0.0,0.0,0.0,0.0,0.0,0.0,0.0,0.5,0.0,0.0,14.31
15243254041.051,4.600000000000003,1.0,1.0,1.0,1.0,1.0,1.0,0.0,0.0,0.0,0.0,0.0,0.0,0.0,0.0,0.0,0.0,1.0,0.0,0.0,1.0,0.0,0.0,0.0,0.0,1.0,1.0,1.0,1.0,0.0,5.527861957000001,-1.6653345369377348e-16,9.288624817,5.993875183,15.2825,0.0375,0.04,0.075,0.32,0.0,0.0,0.0,0.0,0.0,0.0,0.0,0.0,0.0,0.0,0.0,0.0,0.0,0.0,0.0,0.0,0.0,0.0,0.0,0.0,0.0,0.5,0.0,0.0,14.31
15243254041.051,4.600000000000003,1.0,1.0,1.0,1.0,1.0,1.0,0.0,0.0,0.0,0.0,0.0,0.0,0.0,0.0,0.0,0.0,1.0,0.0,0.0,1.0,0.0,0.0,0.0,0.0,1.0,1.0,1.0,1.0,0.0,6.898180801999999,-1.6653345369377348e-16,9.903572082,5.3789279180000005,15.2825,0.0375,0.04,0.075,0.32,0.0,0.0,0.0,0.0,0.0,0.0,0.0,0.0,0.0,0.0,0.0,0.0,0.0,0.0,0.0,0.0,0.0,0.0,0.0,0.0,0.0,0.5,0.0,0.0,14.31
15243254041.051,4.600000000000003,1.0,1.0,1.0,1.0,1.0,1.0,0.0,0.0,0.0,0.0,0.0,0.0,0.0,0.0,0.0,0.0,1.0,0.0,0.0,1.0,0.0,0.0,0.0,0.0,1.0,1.0,1.0,1.0,0.0,6.570800633999999,-1.6653345369377348e-16,9.760742414,5.521757586000001,15.2825,0.0375,0.04,0.075,0.32,0.0,0.0,0.0,0.0,0.0,0.0,0.0,0.0,0.0,0.0,0.0,0.0,0.0,0.0,0.0,0.0,0.0,0.0,0.0,0.0,0.0,0.5,0.0,0.0,14.31
15243254041.051,4.600000000000003,1.0,1.0,1.0,1.0,1.0,1.0,0.0,0.0,0.0,0.0,0.0,0.0,0.0,0.0,0.0,0.0,1.0,0.0,0.0,1.0,0.0,0.0,0.0,0.0,1.0,1.0,1.0,1.0,0.0,6.876947869,-1.6653345369377348e-16,9.900973599,5.381526401,15.2825,0.0375,0.04,0.075,0.32,0.0,0.0,0.0,0.0,0.0,0.0,0.0,0.0,0.0,0.0,0.0,0.0,0.0,0.0,0.0,0.0,0.0,0.0,0.0,0.0,0.0,0.5,0.0,0.0,14.31
15243254041.051,4.600000000000003,1.0,1.0,1.0,1.0,1.0,1.0,0.0,0.0,0.0,0.0,0.0,0.0,0.0,0.0,0.0,0.0,1.0,0.0,0.0,1.0,0.0,0.0,0.0,0.0,1.0,1.0,1.0,1.0,0.0,7.335602010000001,-1.6653345369377348e-16,10.10958547,5.17291453,15.2825,0.0375,0.04,0.075,0.32,0.0,0.0,0.0,0.0,0.0,0.0,0.0,0.0,0.0,0.0,0.0,0.0,0.0,0.0,0.0,0.0,0.0,0.0,0.0,0.0,0.0,0.5,0.0,0.0,14.31
15243254041.051,4.600000000000003,1.0,1.0,1.0,1.0,1.0,1.0,0.0,0.0,0.0,0.0,0.0,0.0,0.0,0.0,0.0,0.0,1.0,0.0,0.0,1.0,0.0,0.0,0.0,0.0,1.0,1.0,1.0,1.0,0.0,5.671856672999999,-1.6653345369377348e-16,9.369481013,5.913018987000001,15.2825,0.0375,0.04,0.075,0.32,0.0,0.0,0.0,0.0,0.0,0.0,0.0,0.0,0.0,0.0,0.0,0.0,0.0,0.0,0.0,0.0,0.0,0.0,0.0,0.0,0.0,0.5,0.0,0.0,14.31
15243254041.051,4.600000000000003,1.0,1.0,1.0,1.0,1.0,1.0,0.0,0.0,0.0,0.0,0.0,0.0,0.0,0.0,0.0,0.0,1.0,0.0,0.0,1.0,0.0,0.0,0.0,0.0,1.0,1.0,1.0,1.0,0.0,5.713785364,-1.6653345369377348e-16,9.391915934,5.890584066000001,15.2825,0.0375,0.04,0.075,0.32,0.0,0.0,0.0,0.0,0.0,0.0,0.0,0.0,0.0,0.0,0.0,0.0,0.0,0.0,0.0,0.0,0.0,0.0,0.0,0.0,0.0,0.5,0.0,0.0,14.31
15243254041.051,4.600000000000003,1.0,1.0,1.0,1.0,1.0,1.0,0.0,0.0,0.0,0.0,0.0,0.0,0.0,0.0,0.0,0.0,1.0,0.0,0.0,1.0,0.0,0.0,0.0,0.0,1.0,1.0,1.0,1.0,0.0,4.203914149999999,-1.6653345369377348e-16,8.720099,6.562401000000001,15.2825,0.0375,0.04,0.075,0.32,0.0,0.0,0.0,0.0,0.0,0.0,0.0,0.0,0.0,0.0,0.0,0.0,0.0,0.0,0.0,0.0,0.0,0.0,0.0,0.0,0.0,0.5,0.0,0.0,14.31
15243254041.051,4.600000000000003,1.0,1.0,1.0,1.0,1.0,1.0,0.0,0.0,0.0,0.0,0.0,0.0,0.0,0.0,0.0,0.0,1.0,0.0,0.0,1.0,0.0,0.0,0.0,0.0,1.0,1.0,1.0,1.0,0.0,4.457918707999999,-1.6653345369377348e-16,8.837539028,6.4449609720000005,15.2825,0.0375,0.04,0.075,0.32,0.0,0.0,0.0,0.0,0.0,0.0,0.0,0.0,0.0,0.0,0.0,0.0,0.0,0.0,0.0,0.0,0.0,0.0,0.0,0.0,0.0,0.5,0.0,0.0,14.31
15243254041.051,4.600000000000003,1.0,1.0,1.0,1.0,1.0,1.0,0.0,0.0,0.0,0.0,0.0,0.0,0.0,0.0,0.0,0.0,1.0,0.0,0.0,1.0,0.0,0.0,0.0,0.0,1.0,1.0,1.0,1.0,0.0,5.855350666,-1.6653345369377348e-16,9.467213936,5.815286064,15.2825,0.0375,0.04,0.075,0.32,0.0,0.0,0.0,0.0,0.0,0.0,0.0,0.0,0.0,0.0,0.0,0.0,0.0,0.0,0.0,0.0,0.0,0.0,0.0,0.0,0.0,0.5,0.0,0.0,14.31
15243254041.051,4.600000000000003,1.0,1.0,1.0,1.0,1.0,1.0,0.0,0.0,0.0,0.0,0.0,0.0,0.0,0.0,0.0,0.0,1.0,0.0,0.0,1.0,0.0,0.0,0.0,0.0,1.0,1.0,1.0,1.0,0.0,4.998702097999999,-1.6653345369377348e-16,9.087445328,6.195054672000001,15.2825,0.0375,0.04,0.075,0.32,0.0,0.0,0.0,0.0,0.0,0.0,0.0,0.0,0.0,0.0,0.0,0.0,0.0,0.0,0.0,0.0,0.0,0.0,0.0,0.0,0.0,0.5,0.0,0.0,14.31
15243254041.051,4.600000000000003,1.0,1.0,1.0,1.0,1.0,1.0,0.0,0.0,0.0,0.0,0.0,0.0,0.0,0.0,0.0,0.0,1.0,0.0,0.0,1.0,0.0,0.0,0.0,0.0,1.0,1.0,1.0,1.0,0.0,6.458270247999998,-1.6653345369377348e-16,9.745624128,5.536875872000001,15.2825,0.0375,0.04,0.075,0.32,0.0,0.0,0.0,0.0,0.0,0.0,0.0,0.0,0.0,0.0,0.0,0.0,0.0,0.0,0.0,0.0,0.0,0.0,0.0,0.0,0.0,0.5,0.0,0.0,14.31
15243254041.051,4.600000000000003,1.0,1.0,1.0,1.0,1.0,1.0,0.0,0.0,0.0,0.0,0.0,0.0,0.0,0.0,0.0,0.0,1.0,0.0,0.0,1.0,0.0,0.0,0.0,0.0,1.0,1.0,1.0,1.0,0.0,6.533562199999999,-1.6653345369377348e-16,9.78356326,5.498936740000001,15.2825,0.0375,0.04,0.075,0.32,0.0,0.0,0.0,0.0,0.0,0.0,0.0,0.0,0.0,0.0,0.0,0.0,0.0,0.0,0.0,0.0,0.0,0.0,0.0,0.0,0.0,0.5,0.0,0.0,14.31
15243254041.051,4.600000000000003,1.0,1.0,1.0,1.0,1.0,1.0,0.0,0.0,0.0,0.0,0.0,0.0,0.0,0.0,0.0,0.0,1.0,0.0,0.0,1.0,0.0,0.0,0.0,0.0,1.0,1.0,1.0,1.0,0.0,7.968119029999999,-1.6653345369377348e-16,10.4313381,4.851161900000001,15.2825,0.0375,0.04,0.075,0.32,0.0,0.0,0.0,0.0,0.0,0.0,0.0,0.0,0.0,0.0,0.0,0.0,0.0,0.0,0.0,0.0,0.0,0.0,0.0,0.0,0.0,0.5,0.0,0.0,14.31
15243254041.051,4.600000000000003,1.0,1.0,1.0,1.0,1.0,1.0,0.0,0.0,0.0,0.0,0.0,0.0,0.0,0.0,0.0,0.0,1.0,0.0,0.0,1.0,0.0,0.0,0.0,0.0,1.0,1.0,1.0,1.0,0.0,7.618444930000001,-1.6653345369377348e-16,10.27879135,5.00370865,15.2825,0.0375,0.04,0.075,0.32,0.0,0.0,0.0,0.0,0.0,0.0,0.0,0.0,0.0,0.0,0.0,0.0,0.0,0.0,0.0,0.0,0.0,0.0,0.0,0.0,0.0,0.5,0.0,0.0,14.31
15243254041.051,4.600000000000003,1.0,1.0,1.0,1.0,1.0,1.0,0.0,0.0,0.0,0.0,0.0,0.0,0.0,0.0,0.0,0.0,1.0,0.0,0.0,1.0,0.0,0.0,0.0,0.0,1.0,1.0,1.0,1.0,0.0,7.932859729999999,-1.6653345369377348e-16,10.4242555,4.858244500000001,15.2825,0.0375,0.04,0.075,0.32,0.0,0.0,0.0,0.0,0.0,0.0,0.0,0.0,0.0,0.0,0.0,0.0,0.0,0.0,0.0,0.0,0.0,0.0,0.0,0.0,0.0,0.5,0.0,0.0,14.31
15243254041.051,4.600000000000003,1.0,1.0,1.0,1.0,1.0,1.0,0.0,0.0,0.0,0.0,0.0,0.0,0.0,0.0,0.0,0.0,1.0,0.0,0.0,1.0,0.0,0.0,0.0,0.0,1.0,1.0,1.0,1.0,0.0,8.41593354,-1.6653345369377348e-16,10.64553732,4.63696268,15.2825,0.0375,0.04,0.075,0.32,0.0,0.0,0.0,0.0,0.0,0.0,0.0,0.0,0.0,0.0,0.0,0.0,0.0,0.0,0.0,0.0,0.0,0.0,0.0,0.0,0.0,0.5,0.0,0.0,14.31
15243254041.051,4.600000000000003,1.0,1.0,1.0,1.0,1.0,1.0,0.0,0.0,0.0,0.0,0.0,0.0,0.0,0.0,0.0,0.0,1.0,0.0,0.0,1.0,0.0,0.0,0.0,0.0,1.0,1.0,1.0,1.0,0.0,6.671032997000001,-1.6653345369377348e-16,9.865691247,5.416808753,15.2825,0.0375,0.04,0.075,0.32,0.0,0.0,0.0,0.0,0.0,0.0,0.0,0.0,0.0,0.0,0.0,0.0,0.0,0.0,0.0,0.0,0.0,0.0,0.0,0.0,0.0,0.5,0.0,0.0,14.31
15243254041.051,4.600000000000003,1.0,1.0,1.0,1.0,1.0,1.0,0.0,0.0,0.0,0.0,0.0,0.0,0.0,0.0,0.0,0.0,1.0,0.0,0.0,1.0,0.0,0.0,0.0,0.0,1.0,1.0,1.0,1.0,0.0,6.716784337,-1.6653345369377348e-16,9.890155987,5.392344013000001,15.2825,0.0375,0.04,0.075,0.32,0.0,0.0,0.0,0.0,0.0,0.0,0.0,0.0,0.0,0.0,0.0,0.0,0.0,0.0,0.0,0.0,0.0,0.0,0.0,0.0,0.0,0.5,0.0,0.0,14.31
15243254041.051,4.600000000000003,1.0,1.0,1.0,1.0,1.0,1.0,0.0,0.0,0.0,0.0,0.0,0.0,0.0,0.0,0.0,0.0,1.0,0.0,0.0,1.0,0.0,0.0,0.0,0.0,1.0,1.0,1.0,1.0,0.0,5.123319087999999,-1.6653345369377348e-16,9.177321658,6.105178342,15.2825,0.0375,0.04,0.075,0.32,0.0,0.0,0.0,0.0,0.0,0.0,0.0,0.0,0.0,0.0,0.0,0.0,0.0,0.0,0.0,0.0,0.0,0.0,0.0,0.0,0.0,0.5,0.0,0.0,14.31
15243254041.051,4.600000000000003,1.0,1.0,1.0,1.0,1.0,1.0,0.0,0.0,0.0,0.0,0.0,0.0,0.0,0.0,0.0,0.0,1.0,0.0,0.0,1.0,0.0,0.0,0.0,0.0,1.0,1.0,1.0,1.0,0.0,3.808367690999999,-2.220446049250313e-16,9.039063201,7.243436799000001,16.2825,0.0375,0.04,0.075,0.32,0.0,0.0,0.0,0.0,0.0,0.0,0.0,0.0,0.0,0.0,0.0,0.0,0.0,0.0,0.0,0.0,0.0,0.0,0.0,0.0,0.0,0.5,0.5,0.5,14.31
15243254041.051,3.600000000000005,1.0,1.0,1.0,1.0,1.0,1.0,0.0,0.0,0.0,0.0,0.0,0.0,0.0,0.0,0.0,0.0,1.0,0.0,0.0,1.0,0.0,0.0,0.0,0.0,1.0,1.0,1.0,1.0,0.0,6.0012223,-2.220446049250313e-16,10.0294045,6.253095500000001,16.2825,0.0375,0.04,0.075,0.32,0.0,0.0,0.0,0.0,0.0,0.0,0.0,0.0,0.0,0.0,0.0,0.0,0.0,0.0,0.0,0.0,0.0,0.0,0.0,0.0,0.0,0.5,0.5,0.5,14.31
15243254041.051,3.600000000000005,1.0,1.0,1.0,1.0,1.0,1.0,0.0,0.0,0.0,0.0,0.0,0.0,0.0,0.0,0.0,0.0,1.0,0.0,0.0,1.0,0.0,0.0,0.0,0.0,1.0,1.0,1.0,1.0,0.0,4.369192263,-2.220446049250313e-16,9.298349413,6.984150587,16.2825,0.0375,0.04,0.075,0.32,0.0,0.0,0.0,0.0,0.0,0.0,0.0,0.0,0.0,0.0,0.0,0.0,0.0,0.0,0.0,0.0,0.0,0.0,0.0,0.0,0.0,0.5,0.5,0.5,14.31
15243254041.051,3.600000000000005,1.0,1.0,1.0,1.0,1.0,1.0,0.0,0.0,0.0,0.0,0.0,0.0,0.0,0.0,0.0,0.0,1.0,0.0,0.0,1.0,0.0,0.0,0.0,0.0,1.0,1.0,1.0,1.0,0.0,5.862017802,-2.220446049250313e-16,9.974235862,6.308264138,16.2825,0.0375,0.04,0.075,0.32,0.0,0.0,0.0,0.0,0.0,0.0,0.0,0.0,0.0,0.0,0.0,0.0,0.0,0.0,0.0,0.0,0.0,0.0,0.0,0.0,0.0,0.5,0.5,0.5,14.31
15243254041.051,3.600000000000005,1.0,1.0,1.0,1.0,1.0,1.0,0.0,0.0,0.0,0.0,0.0,0.0,0.0,0.0,0.0,0.0,1.0,0.0,0.0,1.0,0.0,0.0,0.0,0.0,1.0,1.0,1.0,1.0,0.0,5.941044229999999,-2.220446049250313e-16,10.01360717,6.26889283,16.2825,0.0375,0.04,0.075,0.32,0.0,0.0,0.0,0.0,0.0,0.0,0.0,0.0,0.0,0.0,0.0,0.0,0.0,0.0,0.0,0.0,0.0,0.0,0.0,0.0,0.0,0.5,0.5,0.5,14.31
15243254041.051,3.600000000000005,1.0,1.0,1.0,1.0,1.0,1.0,0.0,0.0,0.0,0.0,0.0,0.0,0.0,0.0,0.0,0.0,1.0,0.0,0.0,1.0,0.0,0.0,0.0,0.0,1.0,1.0,1.0,1.0,0.0,7.402103579999999,-2.220446049250313e-16,10.6759875,5.606512500000001,16.2825,0.0375,0.04,0.075,0.32,0.0,0.0,0.0,0.0,0.0,0.0,0.0,0.0,0.0,0.0,0.0,0.0,0.0,0.0,0.0,0.0,0.0,0.0,0.0,0.0,0.0,0.5,0.5,0.5,14.31
15243254041.051,3.600000000000005,1.0,1.0,1.0,1.0,1.0,1.0,0.0,0.0,0.0,0.0,0.0,0.0,0.0,0.0,0.0,0.0,1.0,0.0,0.0,1.0,0.0,0.0,0.0,0.0,1.0,1.0,1.0,1.0,0.0,7.0419754,-2.220446049250313e-16,10.51767302,5.7648269800000005,16.2825,0.0375,0.04,0.075,0.32,0.0,0.0,0.0,0.0,0.0,0.0,0.0,0.0,0.0,0.0,0.0,0.0,0.0,0.0,0.0,0.0,0.0,0.0,0.0,0.0,0.0,0.5,0.5,0.5,14.31
15243254041.051,3.600000000000005,1.0,1.0,1.0,1.0,1.0,1.0,0.0,0.0,0.0,0.0,0.0,0.0,0.0,0.0,0.0,0.0,1.0,0.0,0.0,1.0,0.0,0.0,0.0,0.0,1.0,1.0,1.0,1.0,0.0,7.361245409999999,-2.220446049250313e-16,10.66574717,5.616752830000001,16.2825,0.0375,0.04,0.075,0.32,0.0,0.0,0.0,0.0,0.0,0.0,0.0,0.0,0.0,0.0,0.0,0.0,0.0,0.0,0.0,0.0,0.0,0.0,0.0,0.0,0.0,0.5,0.5,0.5,14.31
15243254041.051,3.600000000000005,1.0,1.0,1.0,1.0,1.0,1.0,0.0,0.0,0.0,0.0,0.0,0.0,0.0,0.0,0.0,0.0,1.0,0.0,0.0,1.0,0.0,0.0,0.0,0.0,1.0,1.0,1.0,1.0,0.0,7.851270999999999,-2.220446049250313e-16,10.89103269,5.391467310000001,16.2825,0.0375,0.04,0.075,0.32,0.0,0.0,0.0,0.0,0.0,0.0,0.0,0.0,0.0,0.0,0.0,0.0,0.0,0.0,0.0,0.0,0.0,0.0,0.0,0.0,0.0,0.5,0.5,0.5,14.31
15243254041.051,3.600000000000005,1.0,1.0,1.0,1.0,1.0,1.0,0.0,0.0,0.0,0.0,0.0,0.0,0.0,0.0,0.0,0.0,1.0,0.0,0.0,1.0,0.0,0.0,0.0,0.0,1.0,1.0,1.0,1.0,0.0,6.076026000000001,-2.220446049250313e-16,10.09387189,6.18862811,16.2825,0.0375,0.04,0.075,0.32,0.0,0.0,0.0,0.0,0.0,0.0,0.0,0.0,0.0,0.0,0.0,0.0,0.0,0.0,0.0,0.0,0.0,0.0,0.0,0.0,0.0,0.5,0.5,0.5,14.31
15243254041.051,3.600000000000005,1.0,1.0,1.0,1.0,1.0,1.0,0.0,0.0,0.0,0.0,0.0,0.0,0.0,0.0,0.0,0.0,1.0,0.0,0.0,1.0,0.0,0.0,0.0,0.0,1.0,1.0,1.0,1.0,0.0,6.119314409999999,-2.220446049250313e-16,10.11744117,6.165058830000001,16.2825,0.0375,0.04,0.075,0.32,0.0,0.0,0.0,0.0,0.0,0.0,0.0,0.0,0.0,0.0,0.0,0.0,0.0,0.0,0.0,0.0,0.0,0.0,0.0,0.0,0.0,0.5,0.5,0.5,14.31
15243254041.051,3.600000000000005,1.0,1.0,1.0,1.0,1.0,1.0,0.0,0.0,0.0,0.0,0.0,0.0,0.0,0.0,0.0,0.0,1.0,0.0,0.0,1.0,0.0,0.0,0.0,0.0,1.0,1.0,1.0,1.0,0.0,4.4883646299999995,-2.220446049250313e-16,9.38463346,6.897866540000001,16.2825,0.0375,0.04,0.075,0.32,0.0,0.0,0.0,0.0,0.0,0.0,0.0,0.0,0.0,0.0,0.0,0.0,0.0,0.0,0.0,0.0,0.0,0.0,0.0,0.0,0.0,0.5,0.5,0.5,14.31
50283003141.050995,8.725000000000005,1.0,1.0,1.0,1.0,1.0,1.0,0.0,0.0,0.0,0.0,0.0,0.0,0.0,0.0,1.0,0.0,1.0,0.0,0.0,1.0,0.0,0.0,0.0,1.0,1.0,1.0,1.0,1.0,0.0,3.982340689999999,-2.220446049250313e-16,9.15975109,7.12274891,16.2825,0.0375,0.04,0.075,0.32,0.0,0.0,0.0,0.0,0.0,0.0,0.0,0.0,0.0,0.0,0.0,0.0,0.0,0.0,0.0,0.0,0.0,0.0,0.0,0.0,0.0,0.5,0.5,0.5,14.31
50283003141.050995,8.725000000000005,1.0,1.0,1.0,1.0,1.0,1.0,0.0,0.0,0.0,0.0,0.0,0.0,0.0,0.0,1.0,0.0,1.0,0.0,0.0,1.0,0.0,0.0,0.0,1.0,1.0,1.0,1.0,1.0,0.0,6.1886886400000005,-2.220446049250313e-16,10.16114834,6.12135166,16.2825,0.0375,0.04,0.075,0.32,0.0,0.0,0.0,0.0,0.0,0.0,0.0,0.0,0.0,0.0,0.0,0.0,0.0,0.0,0.0,0.0,0.0,0.0,0.0,0.0,0.0,0.5,0.5,0.5,14.31
50283003141.050995,8.725000000000005,1.0,1.0,1.0,1.0,1.0,1.0,0.0,0.0,0.0,0.0,0.0,0.0,0.0,0.0,1.0,0.0,1.0,0.0,0.0,1.0,0.0,0.0,0.0,1.0,1.0,1.0,1.0,1.0,0.0,4.5422211059999995,-2.220446049250313e-16,9.420419296,6.862080704,16.2825,0.0375,0.04,0.075,0.32,0.0,0.0,0.0,0.0,0.0,0.0,0.0,0.0,0.0,0.0,0.0,0.0,0.0,0.0,0.0,0.0,0.0,0.0,0.0,0.0,0.0,0.5,0.5,0.5,14.31
50283003141.050995,8.725000000000005,1.0,1.0,1.0,1.0,1.0,1.0,0.0,0.0,0.0,0.0,0.0,0.0,0.0,0.0,1.0,0.0,1.0,0.0,0.0,1.0,0.0,0.0,0.0,1.0,1.0,1.0,1.0,1.0,0.0,6.053595149999998,-2.220446049250313e-16,10.10811347,6.174386530000001,16.2825,0.0375,0.04,0.075,0.32,0.0,0.0,0.0,0.0,0.0,0.0,0.0,0.0,0.0,0.0,0.0,0.0,0.0,0.0,0.0,0.0,0.0,0.0,0.0,0.0,0.0,0.5,0.5,0.5,14.31
50283003141.050995,8.725000000000005,1.0,1.0,1.0,1.0,1.0,1.0,0.0,0.0,0.0,0.0,0.0,0.0,0.0,0.0,1.0,0.0,1.0,0.0,0.0,1.0,0.0,0.0,0.0,1.0,1.0,1.0,1.0,1.0,0.0,6.1380651199999985,-2.220446049250313e-16,10.15028546,6.132214540000001,16.2825,0.0375,0.04,0.075,0.32,0.0,0.0,0.0,0.0,0.0,0.0,0.0,0.0,0.0,0.0,0.0,0.0,0.0,0.0,0.0,0.0,0.0,0.0,0.0,0.0,0.0,0.5,0.5,0.5,14.31
50283003141.050995,8.725000000000005,1.0,1.0,1.0,1.0,1.0,1.0,0.0,0.0,0.0,0.0,0.0,0.0,0.0,0.0,1.0,0.0,1.0,0.0,0.0,1.0,0.0,0.0,0.0,1.0,1.0,1.0,1.0,1.0,0.0,7.618801899999999,-2.220446049250313e-16,10.82476884,5.45773116,16.2825,0.0375,0.04,0.075,0.32,0.0,0.0,0.0,0.0,0.0,0.0,0.0,0.0,0.0,0.0,0.0,0.0,0.0,0.0,0.0,0.0,0.0,0.0,0.0,0.0,0.0,0.5,0.5,0.5,14.31
50283003141.050995,8.725000000000005,1.0,1.0,1.0,1.0,1.0,1.0,0.0,0.0,0.0,0.0,0.0,0.0,0.0,0.0,1.0,0.0,1.0,0.0,0.0,1.0,0.0,0.0,0.0,1.0,1.0,1.0,1.0,1.0,0.0,7.262417609999998,-2.220446049250313e-16,10.66732811,5.615171890000001,16.2825,0.0375,0.04,0.075,0.32,0.0,0.0,0.0,0.0,0.0,0.0,0.0,0.0,0.0,0.0,0.0,0.0,0.0,0.0,0.0,0.0,0.0,0.0,0.0,0.0,0.0,0.5,0.5,0.5,14.31
50283003141.050995,8.725000000000005,1.0,1.0,1.0,1.0,1.0,1.0,0.0,0.0,0.0,0.0,0.0,0.0,0.0,0.0,1.0,0.0,1.0,0.0,0.0,1.0,0.0,0.0,0.0,1.0,1.0,1.0,1.0,1.0,0.0,7.58804694,-2.220446049250313e-16,10.81876765,5.463732350000001,16.2825,0.0375,0.04,0.075,0.32,0.0,0.0,0.0,0.0,0.0,0.0,0.0,0.0,0.0,0.0,0.0,0.0,0.0,0.0,0.0,0.0,0.0,0.0,0.0,0.0,0.0,0.5,0.5,0.5,14.31
50283003141.050995,8.725000000000005,1.0,1.0,1.0,1.0,1.0,1.0,0.0,0.0,0.0,0.0,0.0,0.0,0.0,0.0,1.0,0.0,1.0,0.0,0.0,1.0,0.0,0.0,0.0,1.0,1.0,1.0,1.0,1.0,0.0,8.079005539999999,-2.220446049250313e-16,11.04514805,5.237351950000001,16.2825,0.0375,0.04,0.075,0.32,0.0,0.0,0.0,0.0,0.0,0.0,0.0,0.0,0.0,0.0,0.0,0.0,0.0,0.0,0.0,0.0,0.0,0.0,0.0,0.0,0.0,0.5,0.5,0.5,14.31
50283003141.050995,8.725000000000005,1.0,1.0,1.0,1.0,1.0,1.0,0.0,0.0,0.0,0.0,0.0,0.0,0.0,0.0,1.0,0.0,1.0,0.0,0.0,1.0,0.0,0.0,0.0,1.0,1.0,1.0,1.0,1.0,0.0,6.2893928,-2.220446049250313e-16,10.23721794,6.04528206,16.2825,0.0375,0.04,0.075,0.32,0.0,0.0,0.0,0.0,0.0,0.0,0.0,0.0,0.0,0.0,0.0,0.0,0.0,0.0,0.0,0.0,0.0,0.0,0.0,0.0,0.0,0.5,0.5,0.5,14.31
50283003141.050995,8.725000000000005,1.0,1.0,1.0,1.0,1.0,1.0,0.0,0.0,0.0,0.0,0.0,0.0,0.0,0.0,1.0,0.0,1.0,0.0,0.0,1.0,0.0,0.0,0.0,1.0,1.0,1.0,1.0,1.0,0.0,6.319370249999999,-2.220446049250313e-16,10.25413358,6.028366420000001,16.2825,0.0375,0.04,0.075,0.32,0.0,0.0,0.0,0.0,0.0,0.0,0.0,0.0,0.0,0.0,0.0,0.0,0.0,0.0,0.0,0.0,0.0,0.0,0.0,0.0,0.0,0.5,0.5,0.5,14.31
50283003141.050995,8.725000000000005,1.0,1.0,1.0,1.0,1.0,1.0,0.0,0.0,0.0,0.0,0.0,0.0,0.0,0.0,1.0,0.0,1.0,0.0,0.0,1.0,0.0,0.0,0.0,1.0,1.0,1.0,1.0,1.0,0.0,4.671604387,-2.220446049250313e-16,9.509504827,6.772995173,16.2825,0.0375,0.04,0.075,0.32,0.0,0.0,0.0,0.0,0.0,0.0,0.0,0.0,0.0,0.0,0.0,0.0,0.0,0.0,0.0,0.0,0.0,0.0,0.0,0.0,0.0,0.5,0.5,0.5,14.31
50283003141.050995,8.725000000000005,1.0,1.0,1.0,1.0,1.0,1.0,0.0,0.0,0.0,0.0,0.0,0.0,0.0,0.0,1.0,0.0,1.0,0.0,0.0,1.0,0.0,0.0,0.0,1.0,1.0,1.0,1.0,1.0,0.0,4.557519787999999,0.0,9.687486948,7.0950130520000005,16.7825,0.0375,0.04,0.075,0.32,0.0,0.5,0.0,0.0,0.0,0.0,0.0,0.0,0.0,0.0,0.0,0.0,0.0,0.0,0.0,0.0,0.0,0.0,0.0,0.0,0.0,0.5,0.5,0.5,14.31
50283003141.050995,8.225000000000005,1.0,1.0,1.0,1.0,1.0,1.0,0.0,0.0,0.0,0.0,0.0,0.0,0.0,0.0,1.0,0.0,1.0,0.0,0.0,1.0,0.0,0.0,0.0,1.0,1.0,1.0,1.0,1.0,0.0,6.87527603,0.0,10.74281006,6.039689940000001,16.7825,0.0375,0.04,0.075,0.32,0.0,0.5,0.0,0.0,0.0,0.0,0.0,0.0,0.0,0.0,0.0,0.0,0.0,0.0,0.0,0.0,0.0,0.0,0.0,0.0,0.0,0.5,0.5,0.5,14.31
50283003141.050995,8.225000000000005,1.0,1.0,1.0,1.0,1.0,1.0,0.0,0.0,0.0,0.0,0.0,0.0,0.0,0.0,1.0,0.0,1.0,0.0,0.0,1.0,0.0,0.0,0.0,1.0,1.0,1.0,1.0,1.0,0.0,5.137977369,0.0,9.956863829,6.825636171000001,16.7825,0.0375,0.04,0.075,0.32,0.0,0.5,0.0,0.0,0.0,0.0,0.0,0.0,0.0,0.0,0.0,0.0,0.0,0.0,0.0,0.0,0.0,0.0,0.0,0.0,0.0,0.5,0.5,0.5,14.31
50283003141.050995,8.225000000000005,1.0,1.0,1.0,1.0,1.0,1.0,0.0,0.0,0.0,0.0,0.0,0.0,0.0,0.0,1.0,0.0,1.0,0.0,0.0,1.0,0.0,0.0,0.0,1.0,1.0,1.0,1.0,1.0,0.0,6.7300289499999995,0.0,10.6832193,6.099280700000001,16.7825,0.0375,0.04,0.075,0.32,0.0,0.5,0.0,0.0,0.0,0.0,0.0,0.0,0.0,0.0,0.0,0.0,0.0,0.0,0.0,0.0,0.0,0.0,0.0,0.0,0.0,0.5,0.5,0.5,14.31
50283003141.050995,8.225000000000005,1.0,1.0,1.0,1.0,1.0,1.0,0.0,0.0,0.0,0.0,0.0,0.0,0.0,0.0,1.0,0.0,1.0,0.0,0.0,1.0,0.0,0.0,0.0,1.0,1.0,1.0,1.0,1.0,0.0,6.821080889999999,0.0,10.72786611,6.05463389,16.7825,0.0375,0.04,0.075,0.32,0.0,0.5,0.0,0.0,0.0,0.0,0.0,0.0,0.0,0.0,0.0,0.0,0.0,0.0,0.0,0.0,0.0,0.0,0.0,0.0,0.0,0.5,0.5,0.5,14.31
50283003141.050995,8.225000000000005,1.0,1.0,1.0,1.0,1.0,1.0,0.0,0.0,0.0,0.0,0.0,0.0,0.0,0.0,1.0,0.0,1.0,0.0,0.0,1.0,0.0,0.0,0.0,1.0,1.0,1.0,1.0,1.0,0.0,8.385397759999998,0.0,11.44242821,5.340071790000001,16.7825,0.0375,0.04,0.075,0.32,0.0,0.5,0.0,0.0,0.0,0.0,0.0,0.0,0.0,0.0,0.0,0.0,0.0,0.0,0.0,0.0,0.0,0.0,0.0,0.0,0.0,0.5,0.5,0.5,14.31
50283003141.050995,8.225000000000005,1.0,1.0,1.0,1.0,1.0,1.0,0.0,0.0,0.0,0.0,0.0,0.0,0.0,0.0,1.0,0.0,1.0,0.0,0.0,1.0,0.0,0.0,0.0,1.0,1.0,1.0,1.0,1.0,0.0,8.02478151,0.0,11.2821049,5.5003951,16.7825,0.0375,0.04,0.075,0.32,0.0,0.5,0.0,0.0,0.0,0.0,0.0,0.0,0.0,0.0,0.0,0.0,0.0,0.0,0.0,0.0,0.0,0.0,0.0,0.0,0.0,0.5,0.5,0.5,14.31
50283003141.050995,8.225000000000005,1.0,1.0,1.0,1.0,1.0,1.0,0.0,0.0,0.0,0.0,0.0,0.0,0.0,0.0,1.0,0.0,1.0,0.0,0.0,1.0,0.0,0.0,0.0,1.0,1.0,1.0,1.0,1.0,0.0,8.38335902,0.0,11.44898691,5.33351309,16.7825,0.0375,0.04,0.075,0.32,0.0,0.5,0.0,0.0,0.0,0.0,0.0,0.0,0.0,0.0,0.0,0.0,0.0,0.0,0.0,0.0,0.0,0.0,0.0,0.0,0.0,0.5,0.5,0.5,14.31
50283003141.050995,8.225000000000005,1.0,1.0,1.0,1.0,1.0,1.0,0.0,0.0,0.0,0.0,0.0,0.0,0.0,0.0,1.0,0.0,1.0,0.0,0.0,1.0,0.0,0.0,0.0,1.0,1.0,1.0,1.0,1.0,0.0,8.897070059999999,0.0,11.68672336,5.09577664,16.7825,0.0375,0.04,0.075,0.32,0.0,0.5,0.0,0.0,0.0,0.0,0.0,0.0,0.0,0.0,0.0,0.0,0.0,0.0,0.0,0.0,0.0,0.0,0.0,0.0,0.0,0.5,0.5,0.5,14.31
50283003141.050995,8.225000000000005,1.0,1.0,1.0,1.0,1.0,1.0,0.0,0.0,0.0,0.0,0.0,0.0,0.0,0.0,1.0,0.0,1.0,0.0,0.0,1.0,0.0,0.0,0.0,1.0,1.0,1.0,1.0,1.0,0.0,7.01400986,0.0,10.83363267,5.948867330000001,16.7825,0.0375,0.04,0.075,0.32,0.0,0.5,0.0,0.0,0.0,0.0,0.0,0.0,0.0,0.0,0.0,0.0,0.0,0.0,0.0,0.0,0.0,0.0,0.0,0.0,0.0,0.5,0.5,0.5,14.31
50283003141.050995,8.225000000000005,1.0,1.0,1.0,1.0,1.0,1.0,0.0,0.0,0.0,0.0,0.0,0.0,0.0,0.0,1.0,0.0,1.0,0.0,0.0,1.0,0.0,0.0,0.0,1.0,1.0,1.0,1.0,1.0,0.0,7.0276684199999995,0.0,10.84391171,5.93858829,16.7825,0.0375,0.04,0.075,0.32,0.0,0.5,0.0,0.0,0.0,0.0,0.0,0.0,0.0,0.0,0.0,0.0,0.0,0.0,0.0,0.0,0.0,0.0,0.0,0.0,0.0,0.5,0.5,0.5,14.31
50283003141.050995,8.225000000000005,1.0,1.0,1.0,1.0,1.0,1.0,0.0,0.0,0.0,0.0,0.0,0.0,0.0,0.0,1.0,0.0,1.0,0.0,0.0,1.0,0.0,0.0,0.0,1.0,1.0,1.0,1.0,1.0,0.0,5.291029699999999,0.0,10.05693223,6.725567770000001,16.7825,0.0375,0.04,0.075,0.32,0.0,0.5,0.0,0.0,0.0,0.0,0.0,0.0,0.0,0.0,0.0,0.0,0.0,0.0,0.0,0.0,0.0,0.0,0.0,0.0,0.0,0.5,0.5,0.5,14.31
50283003141.050995,8.225000000000005,1.0,1.0,1.0,1.0,1.0,1.0,0.0,0.0,0.0,0.0,0.0,0.0,0.0,0.0,1.0,0.0,1.0,0.0,0.0,1.0,0.0,0.0,0.0,1.0,1.0,1.0,1.0,1.0,0.0,3.349239658,0.0,9.973644988,8.558855012,18.5325,0.0375,0.04,0.075,0.32,0.0,0.5,0.0,0.0,0.0,0.0,0.0,0.0,0.0,0.0,0.0,0.0,0.0,0.0,0.0,0.0,0.0,0.0,0.0,1.75,0.0,0.5,0.5,0.5,14.31
50283003141.050995,6.475000000000005,1.0,1.0,1.0,1.0,1.0,1.0,0.0,0.0,0.0,0.0,0.0,0.0,0.0,0.0,1.0,0.0,1.0,0.0,0.0,1.0,0.0,0.0,0.0,1.0,1.0,1.0,1.0,1.0,0.0,4.8810056899999985,0.0,10.67622149,7.856278510000001,18.5325,0.0375,0.04,0.075,0.32,0.0,0.5,0.0,0.0,0.0,0.0,0.0,0.0,0.0,0.0,0.0,0.0,0.0,0.0,0.0,0.0,0.0,0.0,0.0,1.75,0.0,0.5,0.5,0.5,14.31
50283003141.050995,6.475000000000005,1.0,1.0,1.0,1.0,1.0,1.0,0.0,0.0,0.0,0.0,0.0,0.0,0.0,0.0,1.0,0.0,1.0,0.0,0.0,1.0,0.0,0.0,0.0,1.0,1.0,1.0,1.0,1.0,0.0,3.922989939999999,0.0,10.24360884,8.28889116,18.5325,0.0375,0.04,0.075,0.32,0.0,0.5,0.0,0.0,0.0,0.0,0.0,0.0,0.0,0.0,0.0,0.0,0.0,0.0,0.0,0.0,0.0,0.0,0.0,1.75,0.0,0.5,0.5,0.5,14.31
50283003141.050995,6.475000000000005,1.0,1.0,1.0,1.0,1.0,1.0,0.0,0.0,0.0,0.0,0.0,0.0,0.0,0.0,1.0,0.0,1.0,0.0,0.0,1.0,0.0,0.0,0.0,1.0,1.0,1.0,1.0,1.0,0.0,5.554566939999999,0.0,10.99242331,7.540076690000001,18.5325,0.0375,0.04,0.075,0.32,0.0,0.5,0.0,0.0,0.0,0.0,0.0,0.0,0.0,0.0,0.0,0.0,0.0,0.0,0.0,0.0,0.0,0.0,0.0,1.75,0.0,0.5,0.5,0.5,14.31
50283003141.050995,6.475000000000005,1.0,1.0,1.0,1.0,1.0,1.0,0.0,0.0,0.0,0.0,0.0,0.0,0.0,0.0,1.0,0.0,1.0,0.0,0.0,1.0,0.0,0.0,0.0,1.0,1.0,1.0,1.0,1.0,0.0,5.6490839600000005,0.0,11.04008961,7.49241039,18.5325,0.0375,0.04,0.075,0.32,0.0,0.5,0.0,0.0,0.0,0.0,0.0,0.0,0.0,0.0,0.0,0.0,0.0,0.0,0.0,0.0,0.0,0.0,0.0,1.75,0.0,0.5,0.5,0.5,14.31
50283003141.050995,6.475000000000005,1.0,1.0,1.0,1.0,1.0,1.0,0.0,0.0,0.0,0.0,0.0,0.0,0.0,0.0,1.0,0.0,1.0,0.0,0.0,1.0,0.0,0.0,0.0,1.0,1.0,1.0,1.0,1.0,0.0,7.256970299999999,0.0,11.77897133,6.7535286700000015,18.5325,0.0375,0.04,0.075,0.32,0.0,0.5,0.0,0.0,0.0,0.0,0.0,0.0,0.0,0.0,0.0,0.0,0.0,0.0,0.0,0.0,0.0,0.0,0.0,1.75,0.0,0.5,0.5,0.5,14.31
50283003141.050995,6.475000000000005,1.0,1.0,1.0,1.0,1.0,1.0,0.0,0.0,0.0,0.0,0.0,0.0,0.0,0.0,1.0,0.0,1.0,0.0,0.0,1.0,0.0,0.0,0.0,1.0,1.0,1.0,1.0,1.0,0.0,6.904100939999999,0.0,11.6224952,6.910004800000001,18.5325,0.0375,0.04,0.075,0.32,0.0,0.5,0.0,0.0,0.0,0.0,0.0,0.0,0.0,0.0,0.0,0.0,0.0,0.0,0.0,0.0,0.0,0.0,0.0,1.75,0.0,0.5,0.5,0.5,14.31
50283003141.050995,6.475000000000005,1.0,1.0,1.0,1.0,1.0,1.0,0.0,0.0,0.0,0.0,0.0,0.0,0.0,0.0,1.0,0.0,1.0,0.0,0.0,1.0,0.0,0.0,0.0,1.0,1.0,1.0,1.0,1.0,0.0,7.284801659999999,0.0,11.80114863,6.7313513700000005,18.5325,0.0375,0.04,0.075,0.32,0.0,0.5,0.0,0.0,0.0,0.0,0.0,0.0,0.0,0.0,0.0,0.0,0.0,0.0,0.0,0.0,0.0,0.0,0.0,1.75,0.0,0.5,0.5,0.5,14.31
50283003141.050995,6.475000000000005,1.0,1.0,1.0,1.0,1.0,1.0,0.0,0.0,0.0,0.0,0.0,0.0,0.0,0.0,1.0,0.0,1.0,0.0,0.0,1.0,0.0,0.0,0.0,1.0,1.0,1.0,1.0,1.0,0.0,7.81208983,0.0,12.04689961,6.48560039,18.5325,0.0375,0.04,0.075,0.32,0.0,0.5,0.0,0.0,0.0,0.0,0.0,0.0,0.0,0.0,0.0,0.0,0.0,0.0,0.0,0.0,0.0,0.0,0.0,1.75,0.0,0.5,0.5,0.5,14.31
50283003141.050995,6.475000000000005,1.0,1.0,1.0,1.0,1.0,1.0,0.0,0.0,0.0,0.0,0.0,0.0,0.0,0.0,1.0,0.0,1.0,0.0,0.0,1.0,0.0,0.0,0.0,1.0,1.0,1.0,1.0,1.0,0.0,5.8976624,0.0,11.17576915,7.35673085,18.5325,0.0375,0.04,0.075,0.32,0.0,0.5,0.0,0.0,0.0,0.0,0.0,0.0,0.0,0.0,0.0,0.0,0.0,0.0,0.0,0.0,0.0,0.0,0.0,1.75,0.0,0.5,0.5,0.5,14.31
50283003141.050995,6.475000000000005,1.0,1.0,1.0,1.0,1.0,1.0,0.0,0.0,0.0,0.0,0.0,0.0,0.0,0.0,1.0,0.0,1.0,0.0,0.0,1.0,0.0,0.0,0.0,1.0,1.0,1.0,1.0,1.0,0.0,5.89254639,0.0,11.1776369,7.354863100000001,18.5325,0.0375,0.04,0.075,0.32,0.0,0.5,0.0,0.0,0.0,0.0,0.0,0.0,0.0,0.0,0.0,0.0,0.0,0.0,0.0,0.0,0.0,0.0,0.0,1.75,0.0,0.5,0.5,0.5,14.31
50283003141.050995,6.475000000000005,1.0,1.0,1.0,1.0,1.0,1.0,0.0,0.0,0.0,0.0,0.0,0.0,0.0,0.0,1.0,0.0,1.0,0.0,0.0,1.0,0.0,0.0,0.0,1.0,1.0,1.0,1.0,1.0,0.0,4.111315019999999,0.0,10.36629494,8.166205060000001,18.5325,0.0375,0.04,0.075,0.32,0.0,0.5,0.0,0.0,0.0,0.0,0.0,0.0,0.0,0.0,0.0,0.0,0.0,0.0,0.0,0.0,0.0,0.0,0.0,1.75,0.0,0.5,0.5,0.5,14.31
79734437070.051,8.475000000000005,1.0,1.0,1.0,1.0,1.0,1.0,0.0,0.0,0.0,0.0,1.0,0.0,0.0,0.0,1.0,0.0,1.0,0.0,0.0,1.0,0.0,0.0,0.0,1.0,1.0,1.0,1.0,1.0,0.0,2.946835349999999,0.0,10.06568534,8.96681466,19.0325,0.0375,0.04,0.075,0.32,0.0,0.5,0.0,0.0,0.0,0.0,0.0,0.0,0.0,0.0,0.0,0.0,0.0,0.0,0.0,0.0,0.0,0.0,0.0,1.75,0.5,0.5,0.5,0.5,14.31
79734437070.051,7.975000000000005,1.0,1.0,1.0,1.0,1.0,1.0,0.0,0.0,0.0,0.0,1.0,0.0,0.0,0.0,1.0,0.0,1.0,0.0,0.0,1.0,0.0,0.0,0.0,1.0,1.0,1.0,1.0,1.0,0.0,5.310483210000001,0.0,11.15211767,7.88038233,19.0325,0.0375,0.04,0.075,0.32,0.0,0.5,0.0,0.0,0.0,0.0,0.0,0.0,0.0,0.0,0.0,0.0,0.0,0.0,0.0,0.0,0.0,0.0,0.0,1.75,0.5,0.5,0.5,0.5,14.31
79734437070.051,7.975000000000005,1.0,1.0,1.0,1.0,1.0,1.0,0.0,0.0,0.0,0.0,1.0,0.0,0.0,0.0,1.0,0.0,1.0,0.0,0.0,1.0,0.0,0.0,0.0,1.0,1.0,1.0,1.0,1.0,0.0,3.49283518,0.0,10.3230901,8.7094099,19.0325,0.0375,0.04,0.075,0.32,0.0,0.5,0.0,0.0,0.0,0.0,0.0,0.0,0.0,0.0,0.0,0.0,0.0,0.0,0.0,0.0,0.0,0.0,0.0,1.75,0.5,0.5,0.5,0.5,14.31
79734437070.051,7.975000000000005,1.0,1.0,1.0,1.0,1.0,1.0,0.0,0.0,0.0,0.0,1.0,0.0,0.0,0.0,1.0,0.0,1.0,0.0,0.0,1.0,0.0,0.0,0.0,1.0,1.0,1.0,1.0,1.0,0.0,5.135157949999998,0.0,11.0797087,7.952791300000001,19.0325,0.0375,0.04,0.075,0.32,0.0,0.5,0.0,0.0,0.0,0.0,0.0,0.0,0.0,0.0,0.0,0.0,0.0,0.0,0.0,0.0,0.0,0.0,0.0,1.75,0.5,0.5,0.5,0.5,14.31
79734437070.051,7.975000000000005,1.0,1.0,1.0,1.0,1.0,1.0,0.0,0.0,0.0,0.0,1.0,0.0,0.0,0.0,1.0,0.0,1.0,0.0,0.0,1.0,0.0,0.0,0.0,1.0,1.0,1.0,1.0,1.0,0.0,5.229879949999999,0.0,11.12712968,7.905370320000001,19.0325,0.0375,0.04,0.075,0.32,0.0,0.5,0.0,0.0,0.0,0.0,0.0,0.0,0.0,0.0,0.0,0.0,0.0,0.0,0.0,0.0,0.0,0.0,0.0,1.75,0.5,0.5,0.5,0.5,14.31
79734437070.051,7.975000000000005,1.0,1.0,1.0,1.0,1.0,1.0,0.0,0.0,0.0,0.0,1.0,0.0,0.0,0.0,1.0,0.0,1.0,0.0,0.0,1.0,0.0,0.0,0.0,1.0,1.0,1.0,1.0,1.0,0.0,6.8447095099999995,0.0,11.87200472,7.160495280000001,19.0325,0.0375,0.04,0.075,0.32,0.0,0.5,0.0,0.0,0.0,0.0,0.0,0.0,0.0,0.0,0.0,0.0,0.0,0.0,0.0,0.0,0.0,0.0,0.0,1.75,0.5,0.5,0.5,0.5,14.31
79734437070.051,7.975000000000005,1.0,1.0,1.0,1.0,1.0,1.0,0.0,0.0,0.0,0.0,1.0,0.0,0.0,0.0,1.0,0.0,1.0,0.0,0.0,1.0,0.0,0.0,0.0,1.0,1.0,1.0,1.0,1.0,0.0,6.50347457,0.0,11.71971531,7.312784690000001,19.0325,0.0375,0.04,0.075,0.32,0.0,0.5,0.0,0.0,0.0,0.0,0.0,0.0,0.0,0.0,0.0,0.0,0.0,0.0,0.0,0.0,0.0,0.0,0.0,1.75,0.5,0.5,0.5,0.5,14.31
79734437070.051,7.975000000000005,1.0,1.0,1.0,1.0,1.0,1.0,0.0,0.0,0.0,0.0,1.0,0.0,0.0,0.0,1.0,0.0,1.0,0.0,0.0,1.0,0.0,0.0,0.0,1.0,1.0,1.0,1.0,1.0,0.0,6.89692923,0.0,11.9046592,7.127840800000001,19.0325,0.0375,0.04,0.075,0.32,0.0,0.5,0.0,0.0,0.0,0.0,0.0,0.0,0.0,0.0,0.0,0.0,0.0,0.0,0.0,0.0,0.0,0.0,0.0,1.75,0.5,0.5,0.5,0.5,14.31
79734437070.051,7.975000000000005,1.0,1.0,1.0,1.0,1.0,1.0,0.0,0.0,0.0,0.0,1.0,0.0,0.0,0.0,1.0,0.0,1.0,0.0,0.0,1.0,0.0,0.0,0.0,1.0,1.0,1.0,1.0,1.0,0.0,7.4256578399999995,0.0,12.15191203,6.8805879700000006,19.0325,0.0375,0.04,0.075,0.32,0.0,0.5,0.0,0.0,0.0,0.0,0.0,0.0,0.0,0.0,0.0,0.0,0.0,0.0,0.0,0.0,0.0,0.0,0.0,1.75,0.5,0.5,0.5,0.5,14.31
79734437070.051,7.975000000000005,1.0,1.0,1.0,1.0,1.0,1.0,0.0,0.0,0.0,0.0,1.0,0.0,0.0,0.0,1.0,0.0,1.0,0.0,0.0,1.0,0.0,0.0,0.0,1.0,1.0,1.0,1.0,1.0,0.0,5.52471525,0.0,11.28306247,7.74943753,19.0325,0.0375,0.04,0.075,0.32,0.0,0.5,0.0,0.0,0.0,0.0,0.0,0.0,0.0,0.0,0.0,0.0,0.0,0.0,0.0,0.0,0.0,0.0,0.0,1.75,0.5,0.5,0.5,0.5,14.31
79734437070.051,7.975000000000005,1.0,1.0,1.0,1.0,1.0,1.0,0.0,0.0,0.0,0.0,1.0,0.0,0.0,0.0,1.0,0.0,1.0,0.0,0.0,1.0,0.0,0.0,0.0,1.0,1.0,1.0,1.0,1.0,0.0,5.505968249999999,0.0,11.27873215,7.753767850000001,19.0325,0.0375,0.04,0.075,0.32,0.0,0.5,0.0,0.0,0.0,0.0,0.0,0.0,0.0,0.0,0.0,0.0,0.0,0.0,0.0,0.0,0.0,0.0,0.0,1.75,0.5,0.5,0.5,0.5,14.31
79734437070.051,7.975000000000005,1.0,1.0,1.0,1.0,1.0,1.0,0.0,0.0,0.0,0.0,1.0,0.0,0.0,0.0,1.0,0.0,1.0,0.0,0.0,1.0,0.0,0.0,0.0,1.0,1.0,1.0,1.0,1.0,0.0,3.7223054199999996,0.0,10.46292833,8.56957167,19.0325,0.0375,0.04,0.075,0.32,0.0,0.5,0.0,0.0,0.0,0.0,0.0,0.0,0.0,0.0,0.0,0.0,0.0,0.0,0.0,0.0,0.0,0.0,0.0,1.75,0.5,0.5,0.5,0.5,14.31
79734437070.051,7.975000000000005,1.0,1.0,1.0,1.0,1.0,1.0,0.0,0.0,0.0,0.0,1.0,0.0,0.0,0.0,1.0,0.0,1.0,0.0,0.0,1.0,0.0,0.0,0.0,1.0,1.0,1.0,1.0,1.0,0.0,3.3253100799999995,0.0,10.28440396,8.74809604,19.0325,0.0375,0.04,0.075,0.32,0.0,0.5,0.0,0.0,0.0,0.0,0.0,0.0,0.0,0.0,0.0,0.0,0.0,0.0,0.0,0.0,0.0,0.0,0.0,1.75,0.5,0.5,0.5,0.5,14.31
79734437070.051,7.975000000000005,1.0,1.0,1.0,1.0,1.0,1.0,0.0,0.0,0.0,0.0,1.0,0.0,0.0,0.0,1.0,0.0,1.0,0.0,0.0,1.0,0.0,0.0,0.0,1.0,1.0,1.0,1.0,1.0,0.0,5.7164638199999995,0.0,11.3887278,7.643772200000001,19.0325,0.0375,0.04,0.075,0.32,0.0,0.5,0.0,0.0,0.0,0.0,0.0,0.0,0.0,0.0,0.0,0.0,0.0,0.0,0.0,0.0,0.0,0.0,0.0,1.75,0.5,0.5,0.5,0.5,14.31
79734437070.051,7.975000000000005,1.0,1.0,1.0,1.0,1.0,1.0,0.0,0.0,0.0,0.0,1.0,0.0,0.0,0.0,1.0,0.0,1.0,0.0,0.0,1.0,0.0,0.0,0.0,1.0,1.0,1.0,1.0,1.0,0.0,3.84639428,0.0,10.53221362,8.50028638,19.0325,0.0375,0.04,0.075,0.32,0.0,0.5,0.0,0.0,0.0,0.0,0.0,0.0,0.0,0.0,0.0,0.0,0.0,0.0,0.0,0.0,0.0,0.0,0.0,1.75,0.5,0.5,0.5,0.5,14.31
79734437070.051,7.975000000000005,1.0,1.0,1.0,1.0,1.0,1.0,0.0,0.0,0.0,0.0,1.0,0.0,0.0,0.0,1.0,0.0,1.0,0.0,0.0,1.0,0.0,0.0,0.0,1.0,1.0,1.0,1.0,1.0,0.0,5.513962429999999,0.0,11.30414197,7.728358030000001,19.0325,0.0375,0.04,0.075,0.32,0.0,0.5,0.0,0.0,0.0,0.0,0.0,0.0,0.0,0.0,0.0,0.0,0.0,0.0,0.0,0.0,0.0,0.0,0.0,1.75,0.5,0.5,0.5,0.5,14.31
79734437070.051,7.975000000000005,1.0,1.0,1.0,1.0,1.0,1.0,0.0,0.0,0.0,0.0,1.0,0.0,0.0,0.0,1.0,0.0,1.0,0.0,0.0,1.0,0.0,0.0,0.0,1.0,1.0,1.0,1.0,1.0,0.0,5.604709429999998,0.0,11.35014532,7.682354680000001,19.0325,0.0375,0.04,0.075,0.32,0.0,0.5,0.0,0.0,0.0,0.0,0.0,0.0,0.0,0.0,0.0,0.0,0.0,0.0,0.0,0.0,0.0,0.0,0.0,1.75,0.5,0.5,0.5,0.5,14.31
79734437070.051,7.975000000000005,1.0,1.0,1.0,1.0,1.0,1.0,0.0,0.0,0.0,0.0,1.0,0.0,0.0,0.0,1.0,0.0,1.0,0.0,0.0,1.0,0.0,0.0,0.0,1.0,1.0,1.0,1.0,1.0,0.0,7.246984980000001,0.0,12.1111295,6.9213705,19.0325,0.0375,0.04,0.075,0.32,0.0,0.5,0.0,0.0,0.0,0.0,0.0,0.0,0.0,0.0,0.0,0.0,0.0,0.0,0.0,0.0,0.0,0.0,0.0,1.75,0.5,0.5,0.5,0.5,14.31
79734437070.051,7.975000000000005,1.0,1.0,1.0,1.0,1.0,1.0,0.0,0.0,0.0,0.0,1.0,0.0,0.0,0.0,1.0,0.0,1.0,0.0,0.0,1.0,0.0,0.0,0.0,1.0,1.0,1.0,1.0,1.0,0.0,6.907195739999999,0.0,11.95877707,7.073722930000001,19.0325,0.0375,0.04,0.075,0.32,0.0,0.5,0.0,0.0,0.0,0.0,0.0,0.0,0.0,0.0,0.0,0.0,0.0,0.0,0.0,0.0,0.0,0.0,0.0,1.75,0.5,0.5,0.5,0.5,14.31
79734437070.051,7.975000000000005,1.0,1.0,1.0,1.0,1.0,1.0,0.0,0.0,0.0,0.0,1.0,0.0,0.0,0.0,1.0,0.0,1.0,0.0,0.0,1.0,0.0,0.0,0.0,1.0,1.0,1.0,1.0,1.0,0.0,7.31849437,0.0,12.15258664,6.87991336,19.0325,0.0375,0.04,0.075,0.32,0.0,0.5,0.0,0.0,0.0,0.0,0.0,0.0,0.0,0.0,0.0,0.0,0.0,0.0,0.0,0.0,0.0,0.0,0.0,1.75,0.5,0.5,0.5,0.5,14.31
79734437070.051,7.975000000000005,1.0,1.0,1.0,1.0,1.0,1.0,0.0,0.0,0.0,0.0,1.0,0.0,0.0,0.0,1.0,0.0,1.0,0.0,0.0,1.0,0.0,0.0,0.0,1.0,1.0,1.0,1.0,1.0,0.0,7.861952559999999,0.0,12.4073637,6.625136300000001,19.0325,0.0375,0.04,0.075,0.32,0.0,0.5,0.0,0.0,0.0,0.0,0.0,0.0,0.0,0.0,0.0,0.0,0.0,0.0,0.0,0.0,0.0,0.0,0.0,1.75,0.5,0.5,0.5,0.5,14.31
79734437070.051,7.975000000000005,1.0,1.0,1.0,1.0,1.0,1.0,0.0,0.0,0.0,0.0,1.0,0.0,0.0,0.0,1.0,0.0,1.0,0.0,0.0,1.0,0.0,0.0,0.0,1.0,1.0,1.0,1.0,1.0,0.0,5.956474669999999,0.0,11.53201294,7.500487060000001,19.0325,0.0375,0.04,0.075,0.32,0.0,0.5,0.0,0.0,0.0,0.0,0.0,0.0,0.0,0.0,0.0,0.0,0.0,0.0,0.0,0.0,0.0,0.0,0.0,1.75,0.5,0.5,0.5,0.5,14.31
79734437070.051,7.975000000000005,1.0,1.0,1.0,1.0,1.0,1.0,0.0,0.0,0.0,0.0,1.0,0.0,0.0,0.0,1.0,0.0,1.0,0.0,0.0,1.0,0.0,0.0,0.0,1.0,1.0,1.0,1.0,1.0,0.0,5.921412759999999,0.0,11.5193916,7.5131084,19.0325,0.0375,0.04,0.075,0.32,0.0,0.5,0.0,0.0,0.0,0.0,0.0,0.0,0.0,0.0,0.0,0.0,0.0,0.0,0.0,0.0,0.0,0.0,0.0,1.75,0.5,0.5,0.5,0.5,14.31
79734437070.051,7.975000000000005,1.0,1.0,1.0,1.0,1.0,1.0,0.0,0.0,0.0,0.0,1.0,0.0,0.0,0.0,1.0,0.0,1.0,0.0,0.0,1.0,0.0,0.0,0.0,1.0,1.0,1.0,1.0,1.0,0.0,4.111448789999999,0.0,10.68701493,8.34548507,19.0325,0.0375,0.04,0.075,0.32,0.0,0.5,0.0,0.0,0.0,0.0,0.0,0.0,0.0,0.0,0.0,0.0,0.0,0.0,0.0,0.0,0.0,0.0,0.0,1.75,0.5,0.5,0.5,0.5,14.31
79734437070.051,7.975000000000005,1.0,1.0,1.0,1.0,1.0,1.0,0.0,0.0,0.0,0.0,1.0,0.0,0.0,0.0,1.0,0.0,1.0,0.0,0.0,1.0,0.0,0.0,0.0,1.0,1.0,1.0,1.0,1.0,0.0,0.5958500400000002,0.0,10.62506767,11.78243233,22.4075,0.0375,0.04,0.075,0.32,0.0,0.5,0.0,0.0,0.0,0.0,0.0,0.0,0.0,0.0,3.375,0.0,0.0,0.0,0.0,0.0,0.0,0.0,0.0,1.75,0.5,0.5,0.5,0.5,14.31
79734437070.051,5.436824247500002,1.0,1.0,1.0,1.0,1.0,1.0,0.0,0.0,0.0,0.0,1.0,0.0,0.0,0.0,1.0,0.0,1.0,0.0,0.0,1.0,0.0,0.0,0.0,1.0,1.0,1.0,1.0,1.0,0.0,3.05055153,0.0,11.76217388,10.64532612,22.4075,0.0375,0.04,0.075,0.32,0.0,0.5,0.0,0.0,0.0,0.0,0.0,0.0,0.0,0.0,3.375,0.0,0.0,0.0,0.0,0.0,0.0,0.0,0.0,1.75,0.5,0.5,0.5,0.5,14.31
79734437070.051,4.600000000000005,1.0,1.0,1.0,1.0,1.0,1.0,0.0,0.0,0.0,0.0,1.0,0.0,0.0,0.0,1.0,0.0,1.0,0.0,0.0,1.0,0.0,0.0,0.0,1.0,1.0,1.0,1.0,1.0,0.0,1.1190492499999998,0.0,10.87284909,11.53465091,22.4075,0.0375,0.04,0.075,0.32,0.0,0.5,0.0,0.0,0.0,0.0,0.0,0.0,0.0,0.0,3.375,0.0,0.0,0.0,0.0,0.0,0.0,0.0,0.0,1.75,0.5,0.5,0.5,0.5,14.31
79734437070.051,5.250988182500006,1.0,1.0,1.0,1.0,1.0,1.0,0.0,0.0,0.0,0.0,1.0,0.0,0.0,0.0,1.0,0.0,1.0,0.0,0.0,1.0,0.0,0.0,0.0,1.0,1.0,1.0,1.0,1.0,0.0,2.829455039999999,0.0,11.66665541,10.74084459,22.4075,0.0375,0.04,0.075,0.32,0.0,0.5,0.0,0.0,0.0,0.0,0.0,0.0,0.0,0.0,3.375,0.0,0.0,0.0,0.0,0.0,0.0,0.0,0.0,1.75,0.5,0.5,0.5,0.5,14.31
79734437070.051,4.655633442500001,1.0,1.0,1.0,1.0,1.0,1.0,0.0,0.0,0.0,0.0,1.0,0.0,0.0,0.0,1.0,0.0,1.0,0.0,0.0,1.0,0.0,0.0,0.0,1.0,1.0,1.0,1.0,1.0,0.0,2.908168579999998,0.0,11.70645538,10.701044620000001,22.4075,0.0375,0.04,0.075,0.32,0.0,0.5,0.0,0.0,0.0,0.0,0.0,0.0,0.0,0.0,3.375,0.0,0.0,0.0,0.0,0.0,0.0,0.0,0.0,1.75,0.5,0.5,0.5,0.5,14.31
79734437070.051,4.625783465000001,1.0,1.0,1.0,1.0,1.0,1.0,0.0,0.0,0.0,0.0,1.0,0.0,0.0,0.0,1.0,0.0,1.0,0.0,0.0,1.0,0.0,0.0,0.0,1.0,1.0,1.0,1.0,1.0,0.0,4.586830449999999,0.0,12.48642718,9.921072820000001,22.4075,0.0375,0.04,0.075,0.32,0.0,0.5,0.0,0.0,0.0,0.0,0.0,0.0,0.0,0.0,3.375,0.0,0.0,0.0,0.0,0.0,0.0,0.0,0.0,1.75,0.5,0.5,0.5,0.5,14.31
79734437070.051,4.600000000000005,1.0,1.0,1.0,1.0,1.0,1.0,0.0,0.0,0.0,0.0,1.0,0.0,0.0,0.0,1.0,0.0,1.0,0.0,0.0,1.0,0.0,0.0,0.0,1.0,1.0,1.0,1.0,1.0,0.0,4.23555679,0.0,12.32772744,10.07977256,22.4075,0.0375,0.04,0.075,0.32,0.0,0.5,0.0,0.0,0.0,0.0,0.0,0.0,0.0,0.0,3.375,0.0,0.0,0.0,0.0,0.0,0.0,0.0,0.0,1.75,0.5,0.5,0.5,0.5,14.31
79734437070.051,4.600000000000005,1.0,1.0,1.0,1.0,1.0,1.0,0.0,0.0,0.0,0.0,1.0,0.0,0.0,0.0,1.0,0.0,1.0,0.0,0.0,1.0,0.0,0.0,0.0,1.0,1.0,1.0,1.0,1.0,0.0,4.67028552,0.0,12.5328516,9.8746484,22.4075,0.0375,0.04,0.075,0.32,0.0,0.5,0.0,0.0,0.0,0.0,0.0,0.0,0.0,0.0,3.375,0.0,0.0,0.0,0.0,0.0,0.0,0.0,0.0,1.75,0.5,0.5,0.5,0.5,14.31
79734437070.051,4.600000000000005,1.0,1.0,1.0,1.0,1.0,1.0,0.0,0.0,0.0,0.0,1.0,0.0,0.0,0.0,1.0,0.0,1.0,0.0,0.0,1.0,0.0,0.0,0.0,1.0,1.0,1.0,1.0,1.0,0.0,5.239451359999999,0.0,12.80049961,9.607000390000001,22.4075,0.0375,0.04,0.075,0.32,0.0,0.5,0.0,0.0,0.0,0.0,0.0,0.0,0.0,0.0,3.375,0.0,0.0,0.0,0.0,0.0,0.0,0.0,0.0,1.75,0.5,0.5,0.5,0.5,14.31
79734437070.051,4.600000000000005,1.0,1.0,1.0,1.0,1.0,1.0,0.0,0.0,0.0,0.0,1.0,0.0,0.0,0.0,1.0,0.0,1.0,0.0,0.0,1.0,0.0,0.0,0.0,1.0,1.0,1.0,1.0,1.0,0.0,3.31006144,0.0,11.91127406,10.49622594,22.4075,0.0375,0.04,0.075,0.32,0.0,0.5,0.0,0.0,0.0,0.0,0.0,0.0,0.0,0.0,3.375,0.0,0.0,0.0,0.0,0.0,0.0,0.0,0.0,1.75,0.5,0.5,0.5,0.5,14.31
79734437070.051,4.600000000000005,1.0,1.0,1.0,1.0,1.0,1.0,0.0,0.0,0.0,0.0,1.0,0.0,0.0,0.0,1.0,0.0,1.0,0.0,0.0,1.0,0.0,0.0,0.0,1.0,1.0,1.0,1.0,1.0,0.0,3.26881908,0.0,11.89642558,10.51107442,22.4075,0.0375,0.04,0.075,0.32,0.0,0.5,0.0,0.0,0.0,0.0,0.0,0.0,0.0,0.0,3.375,0.0,0.0,0.0,0.0,0.0,0.0,0.0,0.0,1.75,0.5,0.5,0.5,0.5,14.31
79734437070.051,4.600000000000005,1.0,1.0,1.0,1.0,1.0,1.0,0.0,0.0,0.0,0.0,1.0,0.0,0.0,0.0,1.0,0.0,1.0,0.0,0.0,1.0,0.0,0.0,0.0,1.0,1.0,1.0,1.0,1.0,0.0,1.4044656999999994,0.0,11.03675767,11.37074233,22.4075,0.0375,0.04,0.075,0.32,0.0,0.5,0.0,0.0,0.0,0.0,0.0,0.0,0.0,0.0,3.375,0.0,0.0,0.0,0.0,0.0,0.0,0.0,0.0,1.75,0.5,0.5,0.5,0.5,14.31
79734437070.051,5.128056747500004,1.0,1.0,1.0,1.0,1.0,1.0,0.0,0.0,0.0,0.0,1.0,0.0,0.0,0.0,1.0,0.0,1.0,0.0,0.0,1.0,0.0,0.0,0.0,1.0,1.0,1.0,1.0,1.0,0.0,1.1552764,0.0,10.92554175,11.48195825,22.4075,0.0375,0.04,0.075,0.32,0.0,0.5,0.0,0.0,0.0,0.0,0.0,0.0,0.0,0.0,3.375,0.0,0.0,0.0,0.0,0.0,0.0,0.0,0.0,1.75,0.5,0.5,0.5,0.5,14.31
79734437070.051,5.211468687500005,1.0,1.0,1.0,1.0,1.0,1.0,0.0,0.0,0.0,0.0,1.0,0.0,0.0,0.0,1.0,0.0,1.0,0.0,0.0,1.0,0.0,0.0,0.0,1.0,1.0,1.0,1.0,1.0,0.0,2.7666305700000002,0.0,11.67728765,10.73021235,22.4075,0.0375,0.04,0.075,0.32,0.0,0.5,0.0,0.0,0.0,0.0,0.0,0.0,0.0,0.0,3.375,0.0,0.0,0.0,0.0,0.0,0.0,0.0,0.0,1.75,0.5,0.5,0.5,0.5,14.31
79734437070.051,4.647659262500003,1.0,1.0,1.0,1.0,1.0,1.0,0.0,0.0,0.0,0.0,1.0,0.0,0.0,0.0,1.0,0.0,1.0,0.0,0.0,1.0,0.0,0.0,0.0,1.0,1.0,1.0,1.0,1.0,0.0,1.6827213800000003,0.0,11.17891129,11.22858871,22.4075,0.0375,0.04,0.075,0.32,0.0,0.5,0.0,0.0,0.0,0.0,0.0,0.0,0.0,0.0,3.375,0.0,0.0,0.0,0.0,0.0,0.0,0.0,0.0,1.75,0.5,0.5,0.5,0.5,14.31
79734437070.051,5.021441532500003,1.0,1.0,1.0,1.0,1.0,1.0,0.0,0.0,0.0,0.0,1.0,0.0,0.0,0.0,1.0,0.0,1.0,0.0,0.0,1.0,0.0,0.0,0.0,1.0,1.0,1.0,1.0,1.0,0.0,3.428438009999999,0.0,11.99372093,10.41377907,22.4075,0.0375,0.04,0.075,0.32,0.0,0.5,0.0,0.0,0.0,0.0,0.0,0.0,0.0,0.0,3.375,0.0,0.0,0.0,0.0,0.0,0.0,0.0,0.0,1.75,0.5,0.5,0.5,0.5,14.31
79734437070.051,4.600000000000005,1.0,1.0,1.0,1.0,1.0,1.0,0.0,0.0,0.0,0.0,1.0,0.0,0.0,0.0,1.0,0.0,1.0,0.0,0.0,1.0,0.0,0.0,0.0,1.0,1.0,1.0,1.0,1.0,0.0,3.4970224799999983,0.0,12.03027556,10.37722444,22.4075,0.0375,0.04,0.075,0.32,0.0,0.5,0.0,0.0,0.0,0.0,0.0,0.0,0.0,0.0,3.375,0.0,0.0,0.0,0.0,0.0,0.0,0.0,0.0,1.75,0.5,0.5,0.5,0.5,14.31
79734437070.051,4.600000000000005,1.0,1.0,1.0,1.0,1.0,1.0,0.0,0.0,0.0,0.0,1.0,0.0,0.0,0.0,1.0,0.0,1.0,0.0,0.0,1.0,0.0,0.0,0.0,1.0,1.0,1.0,1.0,1.0,0.0,5.2052087799999995,0.0,12.82856546,9.57893454,22.4075,0.0375,0.04,0.075,0.32,0.0,0.5,0.0,0.0,0.0,0.0,0.0,0.0,0.0,0.0,3.375,0.0,0.0,0.0,0.0,0.0,0.0,0.0,0.0,1.75,0.5,0.5,0.5,0.5,14.31
79734437070.051,4.600000000000005,1.0,1.0,1.0,1.0,1.0,1.0,0.0,0.0,0.0,0.0,1.0,0.0,0.0,0.0,1.0,0.0,1.0,0.0,0.0,1.0,0.0,0.0,0.0,1.0,1.0,1.0,1.0,1.0,0.0,4.8333179699999995,0.0,12.66066952,9.74683048,22.4075,0.0375,0.04,0.075,0.32,0.0,0.5,0.0,0.0,0.0,0.0,0.0,0.0,0.0,0.0,3.375,0.0,0.0,0.0,0.0,0.0,0.0,0.0,0.0,1.75,0.5,0.5,0.5,0.5,14.31
79734437070.051,4.600000000000005,1.0,1.0,1.0,1.0,1.0,1.0,0.0,0.0,0.0,0.0,1.0,0.0,0.0,0.0,1.0,0.0,1.0,0.0,0.0,1.0,0.0,0.0,0.0,1.0,1.0,1.0,1.0,1.0,0.0,5.276945769999999,0.0,12.87175273,9.53574727,22.4075,0.0375,0.04,0.075,0.32,0.0,0.5,0.0,0.0,0.0,0.0,0.0,0.0,0.0,0.0,3.375,0.0,0.0,0.0,0.0,0.0,0.0,0.0,0.0,1.75,0.5,0.5,0.5,0.5,14.31
79734437070.051,4.600000000000005,1.0,1.0,1.0,1.0,1.0,1.0,0.0,0.0,0.0,0.0,1.0,0.0,0.0,0.0,1.0,0.0,1.0,0.0,0.0,1.0,0.0,0.0,0.0,1.0,1.0,1.0,1.0,1.0,0.0,5.867785569999999,0.0,13.15138808,9.25611192,22.4075,0.0375,0.04,0.075,0.32,0.0,0.5,0.0,0.0,0.0,0.0,0.0,0.0,0.0,0.0,3.375,0.0,0.0,0.0,0.0,0.0,0.0,0.0,0.0,1.75,0.5,0.5,0.5,0.5,14.31
79734437070.051,4.600000000000005,1.0,1.0,1.0,1.0,1.0,1.0,0.0,0.0,0.0,0.0,1.0,0.0,0.0,0.0,1.0,0.0,1.0,0.0,0.0,1.0,0.0,0.0,0.0,1.0,1.0,1.0,1.0,1.0,0.0,3.9297355199999995,0.0,12.25446814,10.15303186,22.4075,0.0375,0.04,0.075,0.32,0.0,0.5,0.0,0.0,0.0,0.0,0.0,0.0,0.0,0.0,3.375,0.0,0.0,0.0,0.0,0.0,0.0,0.0,0.0,1.75,0.5,0.5,0.5,0.5,14.31
79734437070.051,4.600000000000005,1.0,1.0,1.0,1.0,1.0,1.0,0.0,0.0,0.0,0.0,1.0,0.0,0.0,0.0,1.0,0.0,1.0,0.0,0.0,1.0,0.0,0.0,0.0,1.0,1.0,1.0,1.0,1.0,0.0,3.88384353,0.0,12.23751477,10.16998523,22.4075,0.0375,0.04,0.075,0.32,0.0,0.5,0.0,0.0,0.0,0.0,0.0,0.0,0.0,0.0,3.375,0.0,0.0,0.0,0.0,0.0,0.0,0.0,0.0,1.75,0.5,0.5,0.5,0.5,14.31
79734437070.051,4.600000000000005,1.0,1.0,1.0,1.0,1.0,1.0,0.0,0.0,0.0,0.0,1.0,0.0,0.0,0.0,1.0,0.0,1.0,0.0,0.0,1.0,0.0,0.0,0.0,1.0,1.0,1.0,1.0,1.0,0.0,1.9776540100000002,0.0,11.35424191,11.05325809,22.4075,0.0375,0.04,0.075,0.32,0.0,0.5,0.0,0.0,0.0,0.0,0.0,0.0,0.0,0.0,3.375,0.0,0.0,0.0,0.0,0.0,0.0,0.0,0.0,1.75,0.5,0.5,0.5,0.5,14.31
79734437070.051,4.889943567500001,1.0,1.0,1.0,1.0,1.0,1.0,0.0,0.0,0.0,0.0,1.0,0.0,0.0,0.0,1.0,0.0,1.0,0.0,0.0,1.0,0.0,0.0,0.0,1.0,1.0,1.0,1.0,1.0,0.0,1.5786729900000012,0.0,11.27707164,11.35542836,22.6325,0.0375,0.04,0.075,0.32,0.225,0.5,0.0,0.0,0.0,0.0,0.0,0.0,0.0,0.0,3.375,0.0,0.0,0.0,0.0,0.0,0.0,0.0,0.0,1.75,0.5,0.5,0.5,0.5,14.31
79734437070.051,4.891571270000004,1.0,1.0,1.0,1.0,1.0,1.0,0.0,0.0,0.0,0.0,1.0,0.0,0.0,0.0,1.0,0.0,1.0,0.0,0.0,1.0,0.0,0.0,0.0,1.0,1.0,1.0,1.0,1.0,0.0,4.162053719999999,0.0,12.4846057,10.1478943,22.6325,0.0375,0.04,0.075,0.32,0.225,0.5,0.0,0.0,0.0,0.0,0.0,0.0,0.0,0.0,3.375,0.0,0.0,0.0,0.0,0.0,0.0,0.0,0.0,1.75,0.5,0.5,0.5,0.5,14.31
79734437070.051,4.3750000000000036,1.0,1.0,1.0,1.0,1.0,1.0,0.0,0.0,0.0,0.0,1.0,0.0,0.0,0.0,1.0,0.0,1.0,0.0,0.0,1.0,0.0,0.0,0.0,1.0,1.0,1.0,1.0,1.0,0.0,2.126300519999999,0.0,11.54000131,11.092498690000001,22.6325,0.0375,0.04,0.075,0.32,0.225,0.5,0.0,0.0,0.0,0.0,0.0,0.0,0.0,0.0,3.375,0.0,0.0,0.0,0.0,0.0,0.0,0.0,0.0,1.75,0.5,0.5,0.5,0.5,14.31
79734437070.051,4.694374017500003,1.0,1.0,1.0,1.0,1.0,1.0,0.0,0.0,0.0,0.0,1.0,0.0,0.0,0.0,1.0,0.0,1.0,0.0,0.0,1.0,0.0,0.0,0.0,1.0,1.0,1.0,1.0,1.0,0.0,3.907961199999999,0.0,12.37465422,10.25784578,22.6325,0.0375,0.04,0.075,0.32,0.225,0.5,0.0,0.0,0.0,0.0,0.0,0.0,0.0,0.0,3.375,0.0,0.0,0.0,0.0,0.0,0.0,0.0,0.0,1.75,0.5,0.5,0.5,0.5,14.31
79734437070.051,4.3750000000000036,1.0,1.0,1.0,1.0,1.0,1.0,0.0,0.0,0.0,0.0,1.0,0.0,0.0,0.0,1.0,0.0,1.0,0.0,0.0,1.0,0.0,0.0,0.0,1.0,1.0,1.0,1.0,1.0,0.0,3.967459849999999,0.0,12.40665099,10.225849010000001,22.6325,0.0375,0.04,0.075,0.32,0.225,0.5,0.0,0.0,0.0,0.0,0.0,0.0,0.0,0.0,3.375,0.0,0.0,0.0,0.0,0.0,0.0,0.0,0.0,1.75,0.5,0.5,0.5,0.5,14.31
79734437070.051,4.3750000000000036,1.0,1.0,1.0,1.0,1.0,1.0,0.0,0.0,0.0,0.0,1.0,0.0,0.0,0.0,1.0,0.0,1.0,0.0,0.0,1.0,0.0,0.0,0.0,1.0,1.0,1.0,1.0,1.0,0.0,5.708037640000001,0.0,13.22304592,9.40945408,22.6325,0.0375,0.04,0.075,0.32,0.225,0.5,0.0,0.0,0.0,0.0,0.0,0.0,0.0,0.0,3.375,0.0,0.0,0.0,0.0,0.0,0.0,0.0,0.0,1.75,0.5,0.5,0.5,0.5,14.31
79734437070.051,4.3750000000000036,1.0,1.0,1.0,1.0,1.0,1.0,0.0,0.0,0.0,0.0,1.0,0.0,0.0,0.0,1.0,0.0,1.0,0.0,0.0,1.0,0.0,0.0,0.0,1.0,1.0,1.0,1.0,1.0,0.0,5.31569668,0.0,13.04452111,9.58797889,22.6325,0.0375,0.04,0.075,0.32,0.225,0.5,0.0,0.0,0.0,0.0,0.0,0.0,0.0,0.0,3.375,0.0,0.0,0.0,0.0,0.0,0.0,0.0,0.0,1.75,0.5,0.5,0.5,0.5,14.31
79734437070.051,4.3750000000000036,1.0,1.0,1.0,1.0,1.0,1.0,0.0,0.0,0.0,0.0,1.0,0.0,0.0,0.0,1.0,0.0,1.0,0.0,0.0,1.0,0.0,0.0,0.0,1.0,1.0,1.0,1.0,1.0,0.0,5.765393900000001,0.0,13.25905984,9.37344016,22.6325,0.0375,0.04,0.075,0.32,0.225,0.5,0.0,0.0,0.0,0.0,0.0,0.0,0.0,0.0,3.375,0.0,0.0,0.0,0.0,0.0,0.0,0.0,0.0,1.75,0.5,0.5,0.5,0.5,14.31
79734437070.051,4.3750000000000036,1.0,1.0,1.0,1.0,1.0,1.0,0.0,0.0,0.0,0.0,1.0,0.0,0.0,0.0,1.0,0.0,1.0,0.0,0.0,1.0,0.0,0.0,0.0,1.0,1.0,1.0,1.0,1.0,0.0,6.372532059999999,0.0,13.54733119,9.08516881,22.6325,0.0375,0.04,0.075,0.32,0.225,0.5,0.0,0.0,0.0,0.0,0.0,0.0,0.0,0.0,3.375,0.0,0.0,0.0,0.0,0.0,0.0,0.0,0.0,1.75,0.5,0.5,0.5,0.5,14.31
79734437070.051,4.3750000000000036,1.0,1.0,1.0,1.0,1.0,1.0,0.0,0.0,0.0,0.0,1.0,0.0,0.0,0.0,1.0,0.0,1.0,0.0,0.0,1.0,0.0,0.0,0.0,1.0,1.0,1.0,1.0,1.0,0.0,4.41062187,0.0,12.63551077,9.99698923,22.6325,0.0375,0.04,0.075,0.32,0.225,0.5,0.0,0.0,0.0,0.0,0.0,0.0,0.0,0.0,3.375,0.0,0.0,0.0,0.0,0.0,0.0,0.0,0.0,1.75,0.5,0.5,0.5,0.5,14.31
79734437070.051,4.3750000000000036,1.0,1.0,1.0,1.0,1.0,1.0,0.0,0.0,0.0,0.0,1.0,0.0,0.0,0.0,1.0,0.0,1.0,0.0,0.0,1.0,0.0,0.0,0.0,1.0,1.0,1.0,1.0,1.0,0.0,4.36175852,0.0,12.61725745,10.01524255,22.6325,0.0375,0.04,0.075,0.32,0.225,0.5,0.0,0.0,0.0,0.0,0.0,0.0,0.0,0.0,3.375,0.0,0.0,0.0,0.0,0.0,0.0,0.0,0.0,1.75,0.5,0.5,0.5,0.5,14.31
79734437070.051,4.3750000000000036,1.0,1.0,1.0,1.0,1.0,1.0,0.0,0.0,0.0,0.0,1.0,0.0,0.0,0.0,1.0,0.0,1.0,0.0,0.0,1.0,0.0,0.0,0.0,1.0,1.0,1.0,1.0,1.0,0.0,2.411109549999999,0.0,11.70982229,10.92267771,22.6325,0.0375,0.04,0.075,0.32,0.225,0.5,0.0,0.0,0.0,0.0,0.0,0.0,0.0,0.0,3.375,0.0,0.0,0.0,0.0,0.0,0.0,0.0,0.0,1.75,0.5,0.5,0.5,0.5,14.31
79734437070.051,4.567008282500002,1.0,1.0,1.0,1.0,1.0,1.0,0.0,0.0,0.0,0.0,1.0,0.0,0.0,0.0,1.0,0.0,1.0,0.0,0.0,1.0,0.0,0.0,0.0,1.0,1.0,1.0,1.0,1.0,0.0,1.8656388099999983,0.0,11.45905049,11.173449510000001,22.6325,0.0375,0.04,0.075,0.32,0.225,0.5,0.0,0.0,0.0,0.0,0.0,0.0,0.0,0.0,3.375,0.0,0.0,0.0,0.0,0.0,0.0,0.0,0.0,1.75,0.5,0.5,0.5,0.5,14.31
79734437070.051,4.755087132500005,1.0,1.0,1.0,1.0,1.0,1.0,0.0,0.0,0.0,0.0,1.0,0.0,0.0,0.0,1.0,0.0,1.0,0.0,0.0,1.0,0.0,0.0,0.0,1.0,1.0,1.0,1.0,1.0,0.0,4.492036050000001,0.0,12.69225169,9.94024831,22.6325,0.0375,0.04,0.075,0.32,0.225,0.5,0.0,0.0,0.0,0.0,0.0,0.0,0.0,0.0,3.375,0.0,0.0,0.0,0.0,0.0,0.0,0.0,0.0,1.75,0.5,0.5,0.5,0.5,14.31
79734437070.051,4.3750000000000036,1.0,1.0,1.0,1.0,1.0,1.0,0.0,0.0,0.0,0.0,1.0,0.0,0.0,0.0,1.0,0.0,1.0,0.0,0.0,1.0,0.0,0.0,0.0,1.0,1.0,1.0,1.0,1.0,0.0,2.4359317099999984,0.0,11.7344444,10.898055600000001,22.6325,0.0375,0.04,0.075,0.32,0.225,0.5,0.0,0.0,0.0,0.0,0.0,0.0,0.0,0.0,3.375,0.0,0.0,0.0,0.0,0.0,0.0,0.0,0.0,1.75,0.5,0.5,0.5,0.5,14.31
79734437070.051,4.548541700000005,1.0,1.0,1.0,1.0,1.0,1.0,0.0,0.0,0.0,0.0,1.0,0.0,0.0,0.0,1.0,0.0,1.0,0.0,0.0,1.0,0.0,0.0,0.0,1.0,1.0,1.0,1.0,1.0,0.0,4.2191679199999985,0.0,12.57370827,10.058791730000001,22.6325,0.0375,0.04,0.075,0.32,0.225,0.5,0.0,0.0,0.0,0.0,0.0,0.0,0.0,0.0,3.375,0.0,0.0,0.0,0.0,0.0,0.0,0.0,0.0,1.75,0.5,0.5,0.5,0.5,14.31
79734437070.051,4.3750000000000036,1.0,1.0,1.0,1.0,1.0,1.0,0.0,0.0,0.0,0.0,1.0,0.0,0.0,0.0,1.0,0.0,1.0,0.0,0.0,1.0,0.0,0.0,0.0,1.0,1.0,1.0,1.0,1.0,0.0,4.26924769,0.0,12.60162739,10.03087261,22.6325,0.0375,0.04,0.075,0.32,0.225,0.5,0.0,0.0,0.0,0.0,0.0,0.0,0.0,0.0,3.375,0.0,0.0,0.0,0.0,0.0,0.0,0.0,0.0,1.75,0.5,0.5,0.5,0.5,14.31
79734437070.051,4.3750000000000036,1.0,1.0,1.0,1.0,1.0,1.0,0.0,0.0,0.0,0.0,1.0,0.0,0.0,0.0,1.0,0.0,1.0,0.0,0.0,1.0,0.0,0.0,0.0,1.0,1.0,1.0,1.0,1.0,0.0,6.0169321799999995,0.0,13.42496035,9.207539650000001,22.6325,0.0375,0.04,0.075,0.32,0.225,0.5,0.0,0.0,0.0,0.0,0.0,0.0,0.0,0.0,3.375,0.0,0.0,0.0,0.0,0.0,0.0,0.0,0.0,1.75,0.5,0.5,0.5,0.5,14.31
79734437070.051,4.3750000000000036,1.0,1.0,1.0,1.0,1.0,1.0,0.0,0.0,0.0,0.0,1.0,0.0,0.0,0.0,1.0,0.0,1.0,0.0,0.0,1.0,0.0,0.0,0.0,1.0,1.0,1.0,1.0,1.0,0.0,5.60902222,0.0,13.23830318,9.39419682,22.6325,0.0375,0.04,0.075,0.32,0.225,0.5,0.0,0.0,0.0,0.0,0.0,0.0,0.0,0.0,3.375,0.0,0.0,0.0,0.0,0.0,0.0,0.0,0.0,1.75,0.5,0.5,0.5,0.5,14.31
79734437070.051,4.3750000000000036,1.0,1.0,1.0,1.0,1.0,1.0,0.0,0.0,0.0,0.0,1.0,0.0,0.0,0.0,1.0,0.0,1.0,0.0,0.0,1.0,0.0,0.0,0.0,1.0,1.0,1.0,1.0,1.0,0.0,6.0579818,0.0,13.45318814,9.17931186,22.6325,0.0375,0.04,0.075,0.32,0.225,0.5,0.0,0.0,0.0,0.0,0.0,0.0,0.0,0.0,3.375,0.0,0.0,0.0,0.0,0.0,0.0,0.0,0.0,1.75,0.5,0.5,0.5,0.5,14.31
79734437070.051,4.3750000000000036,1.0,1.0,1.0,1.0,1.0,1.0,0.0,0.0,0.0,0.0,1.0,0.0,0.0,0.0,1.0,0.0,1.0,0.0,0.0,1.0,0.0,0.0,0.0,1.0,1.0,1.0,1.0,1.0,0.0,6.675363129999999,0.0,13.7470704,8.8854296,22.6325,0.0375,0.04,0.075,0.32,0.225,0.5,0.0,0.0,0.0,0.0,0.0,0.0,0.0,0.0,3.375,0.0,0.0,0.0,0.0,0.0,0.0,0.0,0.0,1.75,0.5,0.5,0.5,0.5,14.31
79734437070.051,4.3750000000000036,1.0,1.0,1.0,1.0,1.0,1.0,0.0,0.0,0.0,0.0,1.0,0.0,0.0,0.0,1.0,0.0,1.0,0.0,0.0,1.0,0.0,0.0,0.0,1.0,1.0,1.0,1.0,1.0,0.0,4.7041971799999995,0.0,12.82642716,9.80607284,22.6325,0.0375,0.04,0.075,0.32,0.225,0.5,0.0,0.0,0.0,0.0,0.0,0.0,0.0,0.0,3.375,0.0,0.0,0.0,0.0,0.0,0.0,0.0,0.0,1.75,0.5,0.5,0.5,0.5,14.31
79734437070.051,4.3750000000000036,1.0,1.0,1.0,1.0,1.0,1.0,0.0,0.0,0.0,0.0,1.0,0.0,0.0,0.0,1.0,0.0,1.0,0.0,0.0,1.0,0.0,0.0,0.0,1.0,1.0,1.0,1.0,1.0,0.0,4.657294719999999,0.0,12.80820183,9.82429817,22.6325,0.0375,0.04,0.075,0.32,0.225,0.5,0.0,0.0,0.0,0.0,0.0,0.0,0.0,0.0,3.375,0.0,0.0,0.0,0.0,0.0,0.0,0.0,0.0,1.75,0.5,0.5,0.5,0.5,14.31
79734437070.051,4.3750000000000036,1.0,1.0,1.0,1.0,1.0,1.0,0.0,0.0,0.0,0.0,1.0,0.0,0.0,0.0,1.0,0.0,1.0,0.0,0.0,1.0,0.0,0.0,0.0,1.0,1.0,1.0,1.0,1.0,0.0,2.68870263,0.0,11.88761127,10.74488873,22.6325,0.0375,0.04,0.075,0.32,0.225,0.5,0.0,0.0,0.0,0.0,0.0,0.0,0.0,0.0,3.375,0.0,0.0,0.0,0.0,0.0,0.0,0.0,0.0,1.75,0.5,0.5,0.5,0.5,14.31
149286103392.33102,13.833666547500002,1.0,1.0,1.0,1.0,1.0,1.0,0.0,0.0,0.0,1.0,1.0,0.0,0.0,1.0,1.0,1.0,1.0,1.0,0.0,1.0,0.0,0.0,0.0,1.0,1.0,1.0,1.0,1.0,0.0,2.0521721599999996,0.0,11.59188019,11.04061981,22.6325,0.0375,0.04,0.075,0.32,0.225,0.5,0.0,0.0,0.0,0.0,0.0,0.0,0.0,0.0,3.375,0.0,0.0,0.0,0.0,0.0,0.0,0.0,0.0,1.75,0.5,0.5,0.5,0.5,14.31
149286103392.33102,14.055464857500006,1.0,1.0,1.0,1.0,1.0,1.0,0.0,0.0,0.0,1.0,1.0,0.0,0.0,1.0,1.0,1.0,1.0,1.0,0.0,1.0,0.0,0.0,0.0,1.0,1.0,1.0,1.0,1.0,0.0,3.876803602499999,0.0,12.84513789,10.624186357500001,23.4693242475,0.0375,0.04,0.075,0.32,0.225,0.5,0.0,0.0,0.0,0.0,0.0,0.0,0.0,0.0,3.375,0.0,0.836824247500001,0.0,0.0,0.0,0.0,0.0,0.0,1.75,0.5,0.5,0.5,0.5,14.31
149286103392.33102,12.938175752500005,1.0,1.0,1.0,1.0,1.0,1.0,0.0,0.0,0.0,1.0,1.0,0.0,0.0,1.0,1.0,1.0,1.0,1.0,0.0,1.0,0.0,0.0,0.0,1.0,1.0,1.0,1.0,1.0,0.0,2.651266079999999,0.0,11.87960359,10.75289641,22.6325,0.0375,0.04,0.075,0.32,0.225,0.5,0.0,0.0,0.0,0.0,0.0,0.0,0.0,0.0,3.375,0.0,0.0,0.0,0.0,0.0,0.0,0.0,0.0,1.75,0.5,0.5,0.5,0.5,14.31
149286103392.33102,13.839672307500003,1.0,1.0,1.0,1.0,1.0,1.0,0.0,0.0,0.0,1.0,1.0,0.0,0.0,1.0,1.0,1.0,1.0,1.0,0.0,1.0,0.0,0.0,0.0,1.0,1.0,1.0,1.0,1.0,0.0,3.7838522774999994,0.0,12.7210967,10.5623914825,23.2834881825,0.0375,0.04,0.075,0.32,0.225,0.5,0.0,0.0,0.0,0.0,0.0,0.0,0.0,0.0,3.375,0.0,0.6509881825000008,0.0,0.0,0.0,0.0,0.0,0.0,1.75,0.5,0.5,0.5,0.5,14.31
149286103392.33102,13.124011817500005,1.0,1.0,1.0,1.0,1.0,1.0,0.0,0.0,0.0,1.0,1.0,0.0,0.0,1.0,1.0,1.0,1.0,1.0,0.0,1.0,0.0,0.0,0.0,1.0,1.0,1.0,1.0,1.0,0.0,4.4237673275,0.0,12.74558955,9.9425438925,22.6881334425,0.0375,0.04,0.075,0.32,0.225,0.5,0.0,0.0,0.0,0.0,0.0,0.0,0.0,0.0,3.375,0.0,0.055633442499999575,0.0,0.0,0.0,0.0,0.0,0.0,1.75,0.5,0.5,0.5,0.5,14.31
149286103392.33102,13.719366557500006,1.0,1.0,1.0,1.0,1.0,1.0,0.0,0.0,0.0,1.0,1.0,0.0,0.0,1.0,1.0,1.0,1.0,1.0,0.0,1.0,0.0,0.0,0.0,1.0,1.0,1.0,1.0,1.0,0.0,6.201809214999999,0.0,13.57130368,9.086979785,22.658283465,0.0375,0.04,0.075,0.32,0.225,0.5,0.0,0.0,0.0,0.0,0.0,0.0,0.0,0.0,3.375,0.0,0.02578346499999995,0.0,0.0,0.0,0.0,0.0,0.0,1.75,0.5,0.5,0.5,0.5,14.31
149286103392.33102,13.749216535000006,1.0,1.0,1.0,1.0,1.0,1.0,0.0,0.0,0.0,1.0,1.0,0.0,0.0,1.0,1.0,1.0,1.0,1.0,0.0,1.0,0.0,0.0,0.0,1.0,1.0,1.0,1.0,1.0,0.0,5.8061602400000005,0.0,13.37705253,9.25544747,22.6325,0.0375,0.04,0.075,0.32,0.225,0.5,0.0,0.0,0.0,0.0,0.0,0.0,0.0,0.0,3.375,0.0,0.0,0.0,0.0,0.0,0.0,0.0,0.0,1.75,0.5,0.5,0.5,0.5,14.31
149286103392.33102,13.775000000000006,1.0,1.0,1.0,1.0,1.0,1.0,0.0,0.0,0.0,1.0,1.0,0.0,0.0,1.0,1.0,1.0,1.0,1.0,0.0,1.0,0.0,0.0,0.0,1.0,1.0,1.0,1.0,1.0,0.0,6.250031759999999,0.0,13.5899624,9.042537600000001,22.6325,0.0375,0.04,0.075,0.32,0.225,0.5,0.0,0.0,0.0,0.0,0.0,0.0,0.0,0.0,3.375,0.0,0.0,0.0,0.0,0.0,0.0,0.0,0.0,1.75,0.5,0.5,0.5,0.5,14.31
149286103392.33102,13.775000000000006,1.0,1.0,1.0,1.0,1.0,1.0,0.0,0.0,0.0,1.0,1.0,0.0,0.0,1.0,1.0,1.0,1.0,1.0,0.0,1.0,0.0,0.0,0.0,1.0,1.0,1.0,1.0,1.0,0.0,6.871986,0.0,13.8869752,8.7455248,22.6325,0.0375,0.04,0.075,0.32,0.225,0.5,0.0,0.0,0.0,0.0,0.0,0.0,0.0,0.0,3.375,0.0,0.0,0.0,0.0,0.0,0.0,0.0,0.0,1.75,0.5,0.5,0.5,0.5,14.31
149286103392.33102,13.775000000000006,1.0,1.0,1.0,1.0,1.0,1.0,0.0,0.0,0.0,1.0,1.0,0.0,0.0,1.0,1.0,1.0,1.0,1.0,0.0,1.0,0.0,0.0,0.0,1.0,1.0,1.0,1.0,1.0,0.0,4.89100432,0.0,12.9588222,9.6736778,22.6325,0.0375,0.04,0.075,0.32,0.225,0.5,0.0,0.0,0.0,0.0,0.0,0.0,0.0,0.0,3.375,0.0,0.0,0.0,0.0,0.0,0.0,0.0,0.0,1.75,0.5,0.5,0.5,0.5,14.31
149286103392.33102,13.775000000000006,1.0,1.0,1.0,1.0,1.0,1.0,0.0,0.0,0.0,1.0,1.0,0.0,0.0,1.0,1.0,1.0,1.0,1.0,0.0,1.0,0.0,0.0,0.0,1.0,1.0,1.0,1.0,1.0,0.0,4.85335768,0.0,12.94552136,9.68697864,22.6325,0.0375,0.04,0.075,0.32,0.225,0.5,0.0,0.0,0.0,0.0,0.0,0.0,0.0,0.0,3.375,0.0,0.0,0.0,0.0,0.0,0.0,0.0,0.0,1.75,0.5,0.5,0.5,0.5,14.31
149286103392.33102,13.775000000000006,1.0,1.0,1.0,1.0,1.0,1.0,0.0,0.0,0.0,1.0,1.0,0.0,0.0,1.0,1.0,1.0,1.0,1.0,0.0,1.0,0.0,0.0,0.0,1.0,1.0,1.0,1.0,1.0,0.0,2.873606669999999,0.0,12.01737988,10.61512012,22.6325,0.0375,0.04,0.075,0.32,0.225,0.5,0.0,0.0,0.0,0.0,0.0,0.0,0.0,0.0,3.375,0.0,0.0,0.0,0.0,0.0,0.0,0.0,0.0,1.75,0.5,0.5,0.5,0.5,14.31
149286103392.33102,13.775000000000006,1.0,1.0,1.0,1.0,1.0,1.0,0.0,0.0,0.0,1.0,1.0,0.0,0.0,1.0,1.0,1.0,1.0,1.0,0.0,1.0,0.0,0.0,0.0,1.0,1.0,1.0,1.0,1.0,0.0,0.5231931225000004,0.0,12.10561361,13.0549431375,25.160556747500003,0.0375,0.04,0.075,0.32,0.225,0.5,0.0,0.0,0.0,0.0,2.0,0.0,0.0,0.0,3.375,0.0,0.5280567475000009,0.0,0.0,0.0,0.0,0.0,0.0,1.75,0.5,0.5,0.5,0.5,14.31
149286103392.33102,13.038150605624999,1.0,1.0,1.0,1.0,1.0,1.0,0.0,0.0,0.0,1.0,1.0,0.0,0.0,1.0,1.0,1.0,1.0,1.0,0.0,1.0,0.0,0.0,0.0,1.0,1.0,1.0,1.0,1.0,0.0,2.2346495924999985,0.0,12.95647043,12.287498257500001,25.2439686875,0.0375,0.04,0.075,0.32,0.225,0.5,0.0,0.0,0.0,0.0,2.0,0.0,0.0,0.0,3.375,0.0,0.6114686875000004,0.0,0.0,0.0,0.0,0.0,0.0,1.75,0.5,0.5,0.5,0.5,14.31
149286103392.33102,12.379155005625002,1.0,1.0,1.0,1.0,1.0,1.0,0.0,0.0,0.0,1.0,1.0,0.0,0.0,1.0,1.0,1.0,1.0,1.0,0.0,1.0,0.0,0.0,0.0,1.0,1.0,1.0,1.0,1.0,0.0,1.6359864374999997,0.0,12.41302895,12.2671303125,24.6801592625,0.0375,0.04,0.075,0.32,0.225,0.5,0.0,0.0,0.0,0.0,2.0,0.0,0.0,0.0,3.375,0.0,0.047659262499999855,0.0,0.0,0.0,0.0,0.0,0.0,1.75,0.5,0.5,0.5,0.5,14.31
149286103392.33102,12.927688471875008,1.0,1.0,1.0,1.0,1.0,1.0,0.0,0.0,0.0,1.0,1.0,0.0,0.0,1.0,1.0,1.0,1.0,1.0,0.0,1.0,0.0,0.0,0.0,1.0,1.0,1.0,1.0,1.0,0.0,3.113356357499999,0.0,13.29119764,11.762743892500001,25.0539415325,0.0375,0.04,0.075,0.32,0.225,0.5,0.0,0.0,0.0,0.0,2.0,0.0,0.0,0.0,3.375,0.0,0.42144153250000116,0.0,0.0,0.0,0.0,0.0,0.0,1.75,0.5,0.5,0.5,0.5,14.31
149286103392.33102,12.175616386875003,1.0,1.0,1.0,1.0,1.0,1.0,0.0,0.0,0.0,1.0,1.0,0.0,0.0,1.0,1.0,1.0,1.0,1.0,0.0,1.0,0.0,0.0,0.0,1.0,1.0,1.0,1.0,1.0,0.0,3.5845290399999996,0.0,13.31965509,11.31284491,24.6325,0.0375,0.04,0.075,0.32,0.225,0.5,0.0,0.0,0.0,0.0,2.0,0.0,0.0,0.0,3.375,0.0,0.0,0.0,0.0,0.0,0.0,0.0,0.0,1.75,0.5,0.5,0.5,0.5,14.31
149286103392.33102,12.259633682500002,1.0,1.0,1.0,1.0,1.0,1.0,0.0,0.0,0.0,1.0,1.0,0.0,0.0,1.0,1.0,1.0,1.0,1.0,0.0,1.0,0.0,0.0,0.0,1.0,1.0,1.0,1.0,1.0,0.0,5.40127311,0.0,14.18251412,10.44998588,24.6325,0.0375,0.04,0.075,0.32,0.225,0.5,0.0,0.0,0.0,0.0,2.0,0.0,0.0,0.0,3.375,0.0,0.0,0.0,0.0,0.0,0.0,0.0,0.0,1.75,0.5,0.5,0.5,0.5,14.31
149286103392.33102,11.775000000000006,1.0,1.0,1.0,1.0,1.0,1.0,0.0,0.0,0.0,1.0,1.0,0.0,0.0,1.0,1.0,1.0,1.0,1.0,0.0,1.0,0.0,0.0,0.0,1.0,1.0,1.0,1.0,1.0,0.0,4.9559557299999994,0.0,13.97737719,10.65512281,24.6325,0.0375,0.04,0.075,0.32,0.225,0.5,0.0,0.0,0.0,0.0,2.0,0.0,0.0,0.0,3.375,0.0,0.0,0.0,0.0,0.0,0.0,0.0,0.0,1.75,0.5,0.5,0.5,0.5,14.31
149286103392.33102,11.775000000000006,1.0,1.0,1.0,1.0,1.0,1.0,0.0,0.0,0.0,1.0,1.0,0.0,0.0,1.0,1.0,1.0,1.0,1.0,0.0,1.0,0.0,0.0,0.0,1.0,1.0,1.0,1.0,1.0,0.0,5.40413682,0.0,14.19425882,10.43824118,24.6325,0.0375,0.04,0.075,0.32,0.225,0.5,0.0,0.0,0.0,0.0,2.0,0.0,0.0,0.0,3.375,0.0,0.0,0.0,0.0,0.0,0.0,0.0,0.0,1.75,0.5,0.5,0.5,0.5,14.31
149286103392.33102,11.775000000000006,1.0,1.0,1.0,1.0,1.0,1.0,0.0,0.0,0.0,1.0,1.0,0.0,0.0,1.0,1.0,1.0,1.0,1.0,0.0,1.0,0.0,0.0,0.0,1.0,1.0,1.0,1.0,1.0,0.0,6.04246345,0.0,14.50110273,10.13139727,24.6325,0.0375,0.04,0.075,0.32,0.225,0.5,0.0,0.0,0.0,0.0,2.0,0.0,0.0,0.0,3.375,0.0,0.0,0.0,0.0,0.0,0.0,0.0,0.0,1.75,0.5,0.5,0.5,0.5,14.31
149286103392.33102,11.775000000000006,1.0,1.0,1.0,1.0,1.0,1.0,0.0,0.0,0.0,1.0,1.0,0.0,0.0,1.0,1.0,1.0,1.0,1.0,0.0,1.0,0.0,0.0,0.0,1.0,1.0,1.0,1.0,1.0,0.0,3.98511903,0.0,13.5332815,11.099218500000001,24.6325,0.0375,0.04,0.075,0.32,0.225,0.5,0.0,0.0,0.0,0.0,2.0,0.0,0.0,0.0,3.375,0.0,0.0,0.0,0.0,0.0,0.0,0.0,0.0,1.75,0.5,0.5,0.5,0.5,14.31
149286103392.33102,12.099413875000003,1.0,1.0,1.0,1.0,1.0,1.0,0.0,0.0,0.0,1.0,1.0,0.0,0.0,1.0,1.0,1.0,1.0,1.0,0.0,1.0,0.0,0.0,0.0,1.0,1.0,1.0,1.0,1.0,0.0,3.954506499999999,0.0,13.52345254,11.109047460000001,24.6325,0.0375,0.04,0.075,0.32,0.225,0.5,0.0,0.0,0.0,0.0,2.0,0.0,0.0,0.0,3.375,0.0,0.0,0.0,0.0,0.0,0.0,0.0,0.0,1.75,0.5,0.5,0.5,0.5,14.31
149286103392.33102,12.106785595000005,1.0,1.0,1.0,1.0,1.0,1.0,0.0,0.0,0.0,1.0,1.0,0.0,0.0,1.0,1.0,1.0,1.0,1.0,0.0,1.0,0.0,0.0,0.0,1.0,1.0,1.0,1.0,1.0,0.0,1.9016053399999997,0.0,12.5565067,12.0759933,24.6325,0.0375,0.04,0.075,0.32,0.225,0.5,0.0,0.0,0.0,0.0,2.0,0.0,0.0,0.0,3.375,0.0,0.0,0.0,0.0,0.0,0.0,0.0,0.0,1.75,0.5,0.5,0.5,0.5,14.31
149286103392.33102,12.831994975000008,1.0,1.0,1.0,1.0,1.0,1.0,0.0,0.0,0.0,1.0,1.0,0.0,0.0,1.0,1.0,1.0,1.0,1.0,0.0,1.0,0.0,0.0,0.0,1.0,1.0,1.0,1.0,1.0,0.0,1.209586612499999,0.0,12.37026173,12.552181837500001,24.9224435675,0.0375,0.04,0.075,0.32,0.225,0.5,0.0,0.0,0.0,0.0,2.0,0.0,0.0,0.0,3.375,0.0,0.28994356749999994,0.0,0.0,0.0,0.0,0.0,0.0,1.75,0.5,0.5,0.5,0.5,14.31
149286103392.33102,12.899192810625006,1.0,1.0,1.0,1.0,1.0,1.0,0.0,0.0,0.0,1.0,1.0,0.0,0.0,1.0,1.0,1.0,1.0,1.0,0.0,1.0,0.0,0.0,0.0,1.0,1.0,1.0,1.0,1.0,0.0,3.81201744,0.0,13.71392998,11.43514129,25.14907127,0.0375,0.04,0.075,0.32,0.225,0.5,0.0,0.0,0.0,0.0,2.0,0.0,0.0,0.0,3.375,0.0,0.51657127,0.0,0.0,0.0,0.0,0.0,0.0,1.75,0.5,0.5,0.5,0.5,14.31
149286103392.33102,11.834784697500005,1.0,1.0,1.0,1.0,1.0,1.0,0.0,0.0,0.0,1.0,1.0,0.0,0.0,1.0,1.0,1.0,1.0,1.0,0.0,1.0,0.0,0.0,0.0,1.0,1.0,1.0,1.0,1.0,0.0,2.148678779999999,0.0,12.68581034,11.94668966,24.6325,0.0375,0.04,0.075,0.32,0.225,0.5,0.0,0.0,0.0,0.0,2.0,0.0,0.0,0.0,3.375,0.0,0.0,0.0,0.0,0.0,0.0,0.0,0.0,1.75,0.5,0.5,0.5,0.5,14.31
149286103392.33102,12.735017245000002,1.0,1.0,1.0,1.0,1.0,1.0,0.0,0.0,0.0,1.0,1.0,0.0,0.0,1.0,1.0,1.0,1.0,1.0,0.0,1.0,0.0,0.0,0.0,1.0,1.0,1.0,1.0,1.0,0.0,3.716666532499998,0.0,13.5842601,11.367613917500002,24.951874017500003,0.0375,0.04,0.075,0.32,0.225,0.5,0.0,0.0,0.0,0.0,2.0,0.0,0.0,0.0,3.375,0.0,0.3193740175000013,0.0,0.0,0.0,0.0,0.0,0.0,1.75,0.5,0.5,0.5,0.5,14.31
149286103392.33102,11.981336420624999,1.0,1.0,1.0,1.0,1.0,1.0,0.0,0.0,0.0,1.0,1.0,0.0,0.0,1.0,1.0,1.0,1.0,1.0,0.0,1.0,0.0,0.0,0.0,1.0,1.0,1.0,1.0,1.0,0.0,4.09099814,0.0,13.61476751,11.01773249,24.6325,0.0375,0.04,0.075,0.32,0.225,0.5,0.0,0.0,0.0,0.0,2.0,0.0,0.0,0.0,3.375,0.0,0.0,0.0,0.0,0.0,0.0,0.0,0.0,1.75,0.5,0.5,0.5,0.5,14.31
149286103392.33102,12.038299367500002,1.0,1.0,1.0,1.0,1.0,1.0,0.0,0.0,0.0,1.0,1.0,0.0,0.0,1.0,1.0,1.0,1.0,1.0,0.0,1.0,0.0,0.0,0.0,1.0,1.0,1.0,1.0,1.0,0.0,5.94115854,0.0,14.49651613,10.13598387,24.6325,0.0375,0.04,0.075,0.32,0.225,0.5,0.0,0.0,0.0,0.0,2.0,0.0,0.0,0.0,3.375,0.0,0.0,0.0,0.0,0.0,0.0,0.0,0.0,1.75,0.5,0.5,0.5,0.5,14.31
149286103392.33102,11.775000000000006,1.0,1.0,1.0,1.0,1.0,1.0,0.0,0.0,0.0,1.0,1.0,0.0,0.0,1.0,1.0,1.0,1.0,1.0,0.0,1.0,0.0,0.0,0.0,1.0,1.0,1.0,1.0,1.0,0.0,5.489083109999999,0.0,14.28691347,10.34558653,24.6325,0.0375,0.04,0.075,0.32,0.225,0.5,0.0,0.0,0.0,0.0,2.0,0.0,0.0,0.0,3.375,0.0,0.0,0.0,0.0,0.0,0.0,0.0,0.0,1.75,0.5,0.5,0.5,0.5,14.31
149286103392.33102,11.775000000000006,1.0,1.0,1.0,1.0,1.0,1.0,0.0,0.0,0.0,1.0,1.0,0.0,0.0,1.0,1.0,1.0,1.0,1.0,0.0,1.0,0.0,0.0,0.0,1.0,1.0,1.0,1.0,1.0,0.0,5.939523660000001,0.0,14.50542542,10.12707458,24.6325,0.0375,0.04,0.075,0.32,0.225,0.5,0.0,0.0,0.0,0.0,2.0,0.0,0.0,0.0,3.375,0.0,0.0,0.0,0.0,0.0,0.0,0.0,0.0,1.75,0.5,0.5,0.5,0.5,14.31
149286103392.33102,11.775000000000006,1.0,1.0,1.0,1.0,1.0,1.0,0.0,0.0,0.0,1.0,1.0,0.0,0.0,1.0,1.0,1.0,1.0,1.0,0.0,1.0,0.0,0.0,0.0,1.0,1.0,1.0,1.0,1.0,0.0,6.571753770000001,0.0,14.81041536,9.82208464,24.6325,0.0375,0.04,0.075,0.32,0.225,0.5,0.0,0.0,0.0,0.0,2.0,0.0,0.0,0.0,3.375,0.0,0.0,0.0,0.0,0.0,0.0,0.0,0.0,1.75,0.5,0.5,0.5,0.5,14.31
149286103392.33102,11.775000000000006,1.0,1.0,1.0,1.0,1.0,1.0,0.0,0.0,0.0,1.0,1.0,0.0,0.0,1.0,1.0,1.0,1.0,1.0,0.0,1.0,0.0,0.0,0.0,1.0,1.0,1.0,1.0,1.0,0.0,4.482283990000001,0.0,13.8234317,10.8090683,24.6325,0.0375,0.04,0.075,0.32,0.225,0.5,0.0,0.0,0.0,0.0,2.0,0.0,0.0,0.0,3.375,0.0,0.0,0.0,0.0,0.0,0.0,0.0,0.0,1.75,0.5,0.5,0.5,0.5,14.31
149286103392.33102,11.881801225000004,1.0,1.0,1.0,1.0,1.0,1.0,0.0,0.0,0.0,1.0,1.0,0.0,0.0,1.0,1.0,1.0,1.0,1.0,0.0,1.0,0.0,0.0,0.0,1.0,1.0,1.0,1.0,1.0,0.0,4.44999101,0.0,13.81289421,10.81960579,24.6325,0.0375,0.04,0.075,0.32,0.225,0.5,0.0,0.0,0.0,0.0,2.0,0.0,0.0,0.0,3.375,0.0,0.0,0.0,0.0,0.0,0.0,0.0,0.0,1.75,0.5,0.5,0.5,0.5,14.31
149286103392.33102,11.889704342500004,1.0,1.0,1.0,1.0,1.0,1.0,0.0,0.0,0.0,1.0,1.0,0.0,0.0,1.0,1.0,1.0,1.0,1.0,0.0,1.0,0.0,0.0,0.0,1.0,1.0,1.0,1.0,1.0,0.0,2.36802155,0.0,12.82856735,11.80393265,24.6325,0.0375,0.04,0.075,0.32,0.225,0.5,0.0,0.0,0.0,0.0,2.0,0.0,0.0,0.0,3.375,0.0,0.0,0.0,0.0,0.0,0.0,0.0,0.0,1.75,0.5,0.5,0.5,0.5,14.31
160791208066.93106,14.307949487500004,1.0,1.0,1.0,1.0,1.0,1.0,0.0,0.0,0.0,1.0,1.0,0.0,1.0,1.0,1.0,1.0,1.0,1.0,0.0,1.0,0.0,0.0,0.0,1.0,1.0,1.0,1.0,1.0,0.0,1.8441137474999998,0.0,12.67540215,12.1491061325,24.8245082825,0.0375,0.04,0.075,0.32,0.225,0.5,0.0,0.0,0.0,0.0,2.0,0.0,0.0,0.0,3.375,0.0,0.1920082824999998,0.0,0.0,0.0,0.0,0.0,0.0,1.75,0.5,0.5,0.5,0.5,14.31
160791208066.93106,14.374821316875007,1.0,1.0,1.0,1.0,1.0,1.0,0.0,0.0,0.0,1.0,1.0,0.0,1.0,1.0,1.0,1.0,1.0,1.0,0.0,1.0,0.0,0.0,0.0,1.0,1.0,1.0,1.0,1.0,0.0,4.534708947499999,0.0,14.04859019,10.963996942500001,25.012587132500002,0.0375,0.04,0.075,0.32,0.225,0.5,0.0,0.0,0.0,0.0,2.0,0.0,0.0,0.0,3.375,0.0,0.3800871325000017,0.0,0.0,0.0,0.0,0.0,0.0,1.75,0.5,0.5,0.5,0.5,14.31
160791208066.93106,13.297910574375003,1.0,1.0,1.0,1.0,1.0,1.0,0.0,0.0,0.0,1.0,1.0,0.0,1.0,1.0,1.0,1.0,1.0,1.0,0.0,1.0,0.0,0.0,0.0,1.0,1.0,1.0,1.0,1.0,0.0,2.6959154499999993,0.0,12.99814904,11.63435096,24.6325,0.0375,0.04,0.075,0.32,0.225,0.5,0.0,0.0,0.0,0.0,2.0,0.0,0.0,0.0,3.375,0.0,0.0,0.0,0.0,0.0,0.0,0.0,0.0,1.75,0.5,0.5,0.5,0.5,14.31
160791208066.93106,14.180763220000003,1.0,1.0,1.0,1.0,1.0,1.0,0.0,0.0,0.0,1.0,1.0,0.0,1.0,1.0,1.0,1.0,1.0,1.0,0.0,1.0,0.0,0.0,0.0,1.0,1.0,1.0,1.0,1.0,0.0,4.457339439999998,0.0,13.9232759,10.882765800000001,24.8060417,0.0375,0.04,0.075,0.32,0.225,0.5,0.0,0.0,0.0,0.0,2.0,0.0,0.0,0.0,3.375,0.0,0.17354170000000124,0.0,0.0,0.0,0.0,0.0,0.0,1.75,0.5,0.5,0.5,0.5,14.31
160791208066.93106,13.443532650000002,1.0,1.0,1.0,1.0,1.0,1.0,0.0,0.0,0.0,1.0,1.0,0.0,1.0,1.0,1.0,1.0,1.0,1.0,0.0,1.0,0.0,0.0,0.0,1.0,1.0,1.0,1.0,1.0,0.0,4.694836240000001,0.0,13.95843673,10.67406327,24.6325,0.0375,0.04,0.075,0.32,0.225,0.5,0.0,0.0,0.0,0.0,2.0,0.0,0.0,0.0,3.375,0.0,0.0,0.0,0.0,0.0,0.0,0.0,0.0,1.75,0.5,0.5,0.5,0.5,14.31
160791208066.93106,13.460547452500002,1.0,1.0,1.0,1.0,1.0,1.0,0.0,0.0,0.0,1.0,1.0,0.0,1.0,1.0,1.0,1.0,1.0,1.0,0.0,1.0,0.0,0.0,0.0,1.0,1.0,1.0,1.0,1.0,0.0,6.58601047,0.0,14.86348088,9.769019120000001,24.6325,0.0375,0.04,0.075,0.32,0.225,0.5,0.0,0.0,0.0,0.0,2.0,0.0,0.0,0.0,3.375,0.0,0.0,0.0,0.0,0.0,0.0,0.0,0.0,1.75,0.5,0.5,0.5,0.5,14.31
160791208066.93106,13.455000000000005,1.0,1.0,1.0,1.0,1.0,1.0,0.0,0.0,0.0,1.0,1.0,0.0,1.0,1.0,1.0,1.0,1.0,1.0,0.0,1.0,0.0,0.0,0.0,1.0,1.0,1.0,1.0,1.0,0.0,6.12755664,0.0,14.64995168,9.982548320000001,24.6325,0.0375,0.04,0.075,0.32,0.225,0.5,0.0,0.0,0.0,0.0,2.0,0.0,0.0,0.0,3.375,0.0,0.0,0.0,0.0,0.0,0.0,0.0,0.0,1.75,0.5,0.5,0.5,0.5,14.31
160791208066.93106,13.455000000000005,1.0,1.0,1.0,1.0,1.0,1.0,0.0,0.0,0.0,1.0,1.0,0.0,1.0,1.0,1.0,1.0,1.0,1.0,0.0,1.0,0.0,0.0,0.0,1.0,1.0,1.0,1.0,1.0,0.0,6.588735019999998,0.0,14.87427992,9.758220080000001,24.6325,0.0375,0.04,0.075,0.32,0.225,0.5,0.0,0.0,0.0,0.0,2.0,0.0,0.0,0.0,3.375,0.0,0.0,0.0,0.0,0.0,0.0,0.0,0.0,1.75,0.5,0.5,0.5,0.5,14.31
160791208066.93106,13.455000000000005,1.0,1.0,1.0,1.0,1.0,1.0,0.0,0.0,0.0,1.0,1.0,0.0,1.0,1.0,1.0,1.0,1.0,1.0,0.0,1.0,0.0,0.0,0.0,1.0,1.0,1.0,1.0,1.0,0.0,7.22411741,0.0,15.18161661,9.45088339,24.6325,0.0375,0.04,0.075,0.32,0.225,0.5,0.0,0.0,0.0,0.0,2.0,0.0,0.0,0.0,3.375,0.0,0.0,0.0,0.0,0.0,0.0,0.0,0.0,1.75,0.5,0.5,0.5,0.5,14.31
160791208066.93106,13.455000000000005,1.0,1.0,1.0,1.0,1.0,1.0,0.0,0.0,0.0,1.0,1.0,0.0,1.0,1.0,1.0,1.0,1.0,1.0,0.0,1.0,0.0,0.0,0.0,1.0,1.0,1.0,1.0,1.0,0.0,5.08605777,0.0,14.16686759,10.46563241,24.6325,0.0375,0.04,0.075,0.32,0.225,0.5,0.0,0.0,0.0,0.0,2.0,0.0,0.0,0.0,3.375,0.0,0.0,0.0,0.0,0.0,0.0,0.0,0.0,1.75,0.5,0.5,0.5,0.5,14.31
160791208066.93106,13.455000000000005,1.0,1.0,1.0,1.0,1.0,1.0,0.0,0.0,0.0,1.0,1.0,0.0,1.0,1.0,1.0,1.0,1.0,1.0,0.0,1.0,0.0,0.0,0.0,1.0,1.0,1.0,1.0,1.0,0.0,5.057320549999998,0.0,14.15716395,10.475336050000001,24.6325,0.0375,0.04,0.075,0.32,0.225,0.5,0.0,0.0,0.0,0.0,2.0,0.0,0.0,0.0,3.375,0.0,0.0,0.0,0.0,0.0,0.0,0.0,0.0,1.75,0.5,0.5,0.5,0.5,14.31
160791208066.93106,13.455000000000005,1.0,1.0,1.0,1.0,1.0,1.0,0.0,0.0,0.0,1.0,1.0,0.0,1.0,1.0,1.0,1.0,1.0,1.0,0.0,1.0,0.0,0.0,0.0,1.0,1.0,1.0,1.0,1.0,0.0,2.9288938699999996,0.0,13.14579542,11.48670458,24.6325,0.0375,0.04,0.075,0.32,0.225,0.5,0.0,0.0,0.0,0.0,2.0,0.0,0.0,0.0,3.375,0.0,0.0,0.0,0.0,0.0,0.0,0.0,0.0,1.75,0.5,0.5,0.5,0.5,14.31
160791208066.93106,14.070028435000005,1.0,1.0,1.0,1.0,1.0,1.0,0.0,0.0,0.0,1.0,1.0,0.0,1.0,1.0,1.0,1.0,1.0,1.0,0.0,1.0,0.0,0.0,0.0,1.0,1.0,1.0,1.0,1.0,0.0,2.8681361725,0.0,13.14816353,11.5430030175,24.6911665475,0.0375,0.04,0.075,0.32,0.225,0.5,0.0,0.0,0.0,0.0,2.0,0.0,0.0,0.0,3.375,0.0,0.058666547499999666,0.0,0.0,0.0,0.0,0.0,0.0,1.75,0.5,0.5,0.5,0.5,14.31
160791208066.93106,14.053585715625008,1.0,1.0,1.0,1.0,1.0,1.0,0.0,0.0,0.0,1.0,1.0,0.0,1.0,1.0,1.0,1.0,1.0,1.0,0.0,1.0,0.0,0.0,0.0,1.0,1.0,1.0,1.0,1.0,0.0,5.603616792499999,0.0,14.56277684,10.3501880175,24.9129648575,0.0375,0.04,0.075,0.32,0.225,0.5,0.0,0.0,0.0,0.0,2.0,0.0,0.0,0.0,3.375,0.0,0.28046485750000016,0.0,0.0,0.0,0.0,0.0,0.0,1.75,0.5,0.5,0.5,0.5,14.31
160791208066.93106,13.174535142500005,1.0,1.0,1.0,1.0,1.0,1.0,0.0,0.0,0.0,1.0,1.0,0.0,1.0,1.0,1.0,1.0,1.0,1.0,0.0,1.0,0.0,0.0,0.0,1.0,1.0,1.0,1.0,1.0,0.0,3.6006417099999997,0.0,13.47658465,11.15591535,24.6325,0.0375,0.04,0.075,0.32,0.225,0.5,0.0,0.0,0.0,0.0,2.0,0.0,0.0,0.0,3.375,0.0,0.0,0.0,0.0,0.0,0.0,0.0,0.0,1.75,0.5,0.5,0.5,0.5,14.31
160791208066.93106,13.821936512500002,1.0,1.0,1.0,1.0,1.0,1.0,0.0,0.0,0.0,1.0,1.0,0.0,1.0,1.0,1.0,1.0,1.0,1.0,0.0,1.0,0.0,0.0,0.0,1.0,1.0,1.0,1.0,1.0,0.0,5.5483277625,0.0,14.44093266,10.256239647500001,24.6971723075,0.0375,0.04,0.075,0.32,0.225,0.5,0.0,0.0,0.0,0.0,2.0,0.0,0.0,0.0,3.375,0.0,0.06467230750000041,0.0,0.0,0.0,0.0,0.0,0.0,1.75,0.5,0.5,0.5,0.5,14.31
160791208066.93106,13.390327692500005,1.0,1.0,1.0,1.0,1.0,1.0,0.0,0.0,0.0,1.0,1.0,0.0,1.0,1.0,1.0,1.0,1.0,1.0,0.0,1.0,0.0,0.0,0.0,1.0,1.0,1.0,1.0,1.0,0.0,5.694277869999999,0.0,14.48360653,10.14889347,24.6325,0.0375,0.04,0.075,0.32,0.225,0.5,0.0,0.0,0.0,0.0,2.0,0.0,0.0,0.0,3.375,0.0,0.0,0.0,0.0,0.0,0.0,0.0,0.0,1.75,0.5,0.5,0.5,0.5,14.31
160791208066.93106,13.455000000000005,1.0,1.0,1.0,1.0,1.0,1.0,0.0,0.0,0.0,1.0,1.0,0.0,1.0,1.0,1.0,1.0,1.0,1.0,0.0,1.0,0.0,0.0,0.0,1.0,1.0,1.0,1.0,1.0,0.0,7.65985111,0.0,15.42655123,9.205948770000001,24.6325,0.0375,0.04,0.075,0.32,0.225,0.5,0.0,0.0,0.0,0.0,2.0,0.0,0.0,0.0,3.375,0.0,0.0,0.0,0.0,0.0,0.0,0.0,0.0,1.75,0.5,0.5,0.5,0.5,14.31
160791208066.93106,13.455000000000005,1.0,1.0,1.0,1.0,1.0,1.0,0.0,0.0,0.0,1.0,1.0,0.0,1.0,1.0,1.0,1.0,1.0,1.0,0.0,1.0,0.0,0.0,0.0,1.0,1.0,1.0,1.0,1.0,0.0,7.190858520000001,0.0,15.20678133,9.42571867,24.6325,0.0375,0.04,0.075,0.32,0.225,0.5,0.0,0.0,0.0,0.0,2.0,0.0,0.0,0.0,3.375,0.0,0.0,0.0,0.0,0.0,0.0,0.0,0.0,1.75,0.5,0.5,0.5,0.5,14.31
160791208066.93106,13.455000000000005,1.0,1.0,1.0,1.0,1.0,1.0,0.0,0.0,0.0,1.0,1.0,0.0,1.0,1.0,1.0,1.0,1.0,1.0,0.0,1.0,0.0,0.0,0.0,1.0,1.0,1.0,1.0,1.0,0.0,7.668903939999998,0.0,15.43969768,9.19280232,24.6325,0.0375,0.04,0.075,0.32,0.225,0.5,0.0,0.0,0.0,0.0,2.0,0.0,0.0,0.0,3.375,0.0,0.0,0.0,0.0,0.0,0.0,0.0,0.0,1.75,0.5,0.5,0.5,0.5,14.31
160791208066.93106,13.455000000000005,1.0,1.0,1.0,1.0,1.0,1.0,0.0,0.0,0.0,1.0,1.0,0.0,1.0,1.0,1.0,1.0,1.0,1.0,0.0,1.0,0.0,0.0,0.0,1.0,1.0,1.0,1.0,1.0,0.0,8.314773789999998,0.0,15.75315665,8.879343350000001,24.6325,0.0375,0.04,0.075,0.32,0.225,0.5,0.0,0.0,0.0,0.0,2.0,0.0,0.0,0.0,3.375,0.0,0.0,0.0,0.0,0.0,0.0,0.0,0.0,1.75,0.5,0.5,0.5,0.5,14.31
160791208066.93106,13.455000000000005,1.0,1.0,1.0,1.0,1.0,1.0,0.0,0.0,0.0,1.0,1.0,0.0,1.0,1.0,1.0,1.0,1.0,1.0,0.0,1.0,0.0,0.0,0.0,1.0,1.0,1.0,1.0,1.0,0.0,6.10314812,0.0,14.70030744,9.93219256,24.6325,0.0375,0.04,0.075,0.32,0.225,0.5,0.0,0.0,0.0,0.0,2.0,0.0,0.0,0.0,3.375,0.0,0.0,0.0,0.0,0.0,0.0,0.0,0.0,1.75,0.5,0.5,0.5,0.5,14.31
160791208066.93106,13.455000000000005,1.0,1.0,1.0,1.0,1.0,1.0,0.0,0.0,0.0,1.0,1.0,0.0,1.0,1.0,1.0,1.0,1.0,1.0,0.0,1.0,0.0,0.0,0.0,1.0,1.0,1.0,1.0,1.0,0.0,6.06695863,0.0,14.68779244,9.94470756,24.6325,0.0375,0.04,0.075,0.32,0.225,0.5,0.0,0.0,0.0,0.0,2.0,0.0,0.0,0.0,3.375,0.0,0.0,0.0,0.0,0.0,0.0,0.0,0.0,1.75,0.5,0.5,0.5,0.5,14.31
160791208066.93106,13.455000000000005,1.0,1.0,1.0,1.0,1.0,1.0,0.0,0.0,0.0,1.0,1.0,0.0,1.0,1.0,1.0,1.0,1.0,1.0,0.0,1.0,0.0,0.0,0.0,1.0,1.0,1.0,1.0,1.0,0.0,3.8659991799999993,0.0,13.63942326,10.993076740000001,24.6325,0.0375,0.04,0.075,0.32,0.225,0.5,0.0,0.0,0.0,0.0,2.0,0.0,0.0,0.0,3.375,0.0,0.0,0.0,0.0,0.0,0.0,0.0,0.0,1.75,0.5,0.5,0.5,0.5,14.31
160791208066.93106,13.699807555000007,1.0,1.0,1.0,1.0,1.0,1.0,0.0,0.0,0.0,1.0,1.0,0.0,1.0,1.0,1.0,1.0,1.0,1.0,0.0,1.0,0.0,0.0,0.0,1.0,1.0,1.0,1.0,1.0,0.0,3.27567784,0.0,13.36166552,11.27083448,24.6325,0.0375,0.04,0.075,0.32,0.225,0.5,0.0,0.0,0.0,0.0,2.0,0.0,0.0,0.0,3.375,0.0,0.0,0.0,0.0,0.0,0.0,0.0,0.0,1.75,0.5,0.5,0.5,0.5,14.31
160791208066.93106,13.908125860000006,1.0,1.0,1.0,1.0,1.0,1.0,0.0,0.0,0.0,1.0,1.0,0.0,1.0,1.0,1.0,1.0,1.0,1.0,0.0,1.0,0.0,0.0,0.0,1.0,1.0,1.0,1.0,1.0,0.0,3.3883594368750014,0.0,14.27831245,12.145394903124998,26.423707353124996,0.0375,0.04,0.075,0.32,0.225,0.5,0.0,0.0,0.0,0.0,2.0,0.0,0.0,0.0,3.375,0.0,0.95,0.8412073531249995,0.0,0.0,0.0,0.0,0.0,1.75,0.5,0.5,0.5,0.5,14.31
160791208066.93106,12.77283882421876,1.0,1.0,1.0,1.0,1.0,1.0,0.0,0.0,0.0,1.0,1.0,0.0,1.0,1.0,1.0,1.0,1.0,1.0,0.0,1.0,0.0,0.0,0.0,1.0,1.0,1.0,1.0,1.0,0.0,2.7240962768750006,0.0,13.68940962,12.158714073125,25.848123693124997,0.0375,0.04,0.075,0.32,0.225,0.5,0.0,0.0,0.0,0.0,2.0,0.0,0.0,0.0,3.375,0.0,0.95,0.265623693125,0.0,0.0,0.0,0.0,0.0,1.75,0.5,0.5,0.5,0.5,14.31
160791208066.93106,13.358411861718757,1.0,1.0,1.0,1.0,1.0,1.0,0.0,0.0,0.0,1.0,1.0,0.0,1.0,1.0,1.0,1.0,1.0,1.0,0.0,1.0,0.0,0.0,0.0,1.0,1.0,1.0,1.0,1.0,0.0,4.7880620956249995,0.0,14.67623617,11.156611564375,25.832847734375,0.0375,0.04,0.075,0.32,0.225,0.5,0.0,0.0,0.0,0.0,2.0,0.0,0.0,0.0,3.375,0.0,0.95,0.2503477343750007,0.0,0.0,0.0,0.0,0.0,1.75,0.5,0.5,0.5,0.5,14.31
160791208066.93106,12.622110938906253,1.0,1.0,1.0,1.0,1.0,1.0,0.0,0.0,0.0,1.0,1.0,0.0,1.0,1.0,1.0,1.0,1.0,1.0,0.0,1.0,0.0,0.0,0.0,1.0,1.0,1.0,1.0,1.0,0.0,5.268221190624999,0.0,14.73033316,10.724224759375002,25.454557919375002,0.0375,0.04,0.075,0.32,0.225,0.5,0.0,0.0,0.0,0.0,2.0,0.0,0.0,0.0,3.375,0.0,0.8220579193750019,0.0,0.0,0.0,0.0,0.0,0.0,1.75,0.5,0.5,0.5,0.5,14.31
160791208066.93106,12.67611065015625,1.0,1.0,1.0,1.0,1.0,1.0,0.0,0.0,0.0,1.0,1.0,0.0,1.0,1.0,1.0,1.0,1.0,1.0,0.0,1.0,0.0,0.0,0.0,1.0,1.0,1.0,1.0,1.0,0.0,7.614141017499998,0.0,15.69891859,9.4182150925,25.1171336825,0.0375,0.04,0.075,0.32,0.225,0.5,0.0,0.0,0.0,0.0,2.0,0.0,0.0,0.0,3.375,0.0,0.48463368250000016,0.0,0.0,0.0,0.0,0.0,0.0,1.75,0.5,0.5,0.5,0.5,14.31
160791208066.93106,12.970366317500005,1.0,1.0,1.0,1.0,1.0,1.0,0.0,0.0,0.0,1.0,1.0,0.0,1.0,1.0,1.0,1.0,1.0,1.0,0.0,1.0,0.0,0.0,0.0,1.0,1.0,1.0,1.0,1.0,0.0,7.6345389699999995,0.0,15.4817351,9.1507649,24.6325,0.0375,0.04,0.075,0.32,0.225,0.5,0.0,0.0,0.0,0.0,2.0,0.0,0.0,0.0,3.375,0.0,0.0,0.0,0.0,0.0,0.0,0.0,0.0,1.75,0.5,0.5,0.5,0.5,14.31
160791208066.93106,13.455000000000005,1.0,1.0,1.0,1.0,1.0,1.0,0.0,0.0,0.0,1.0,1.0,0.0,1.0,1.0,1.0,1.0,1.0,1.0,0.0,1.0,0.0,0.0,0.0,1.0,1.0,1.0,1.0,1.0,0.0,8.120303080000001,0.0,15.72031786,8.91218214,24.6325,0.0375,0.04,0.075,0.32,0.225,0.5,0.0,0.0,0.0,0.0,2.0,0.0,0.0,0.0,3.375,0.0,0.0,0.0,0.0,0.0,0.0,0.0,0.0,1.75,0.5,0.5,0.5,0.5,14.31
160791208066.93106,13.455000000000005,1.0,1.0,1.0,1.0,1.0,1.0,0.0,0.0,0.0,1.0,1.0,0.0,1.0,1.0,1.0,1.0,1.0,1.0,0.0,1.0,0.0,0.0,0.0,1.0,1.0,1.0,1.0,1.0,0.0,8.76753575,0.0,16.03653066,8.59596934,24.6325,0.0375,0.04,0.075,0.32,0.225,0.5,0.0,0.0,0.0,0.0,2.0,0.0,0.0,0.0,3.375,0.0,0.0,0.0,0.0,0.0,0.0,0.0,0.0,1.75,0.5,0.5,0.5,0.5,14.31
160791208066.93106,13.455000000000005,1.0,1.0,1.0,1.0,1.0,1.0,0.0,0.0,0.0,1.0,1.0,0.0,1.0,1.0,1.0,1.0,1.0,1.0,0.0,1.0,0.0,0.0,0.0,1.0,1.0,1.0,1.0,1.0,0.0,6.51550482,0.0,14.96037038,9.67212962,24.6325,0.0375,0.04,0.075,0.32,0.225,0.5,0.0,0.0,0.0,0.0,2.0,0.0,0.0,0.0,3.375,0.0,0.0,0.0,0.0,0.0,0.0,0.0,0.0,1.75,0.5,0.5,0.5,0.5,14.31
160791208066.93106,13.455000000000005,1.0,1.0,1.0,1.0,1.0,1.0,0.0,0.0,0.0,1.0,1.0,0.0,1.0,1.0,1.0,1.0,1.0,1.0,0.0,1.0,0.0,0.0,0.0,1.0,1.0,1.0,1.0,1.0,0.0,6.151103454999999,0.0,14.9461982,10.010715675000002,24.956913875,0.0375,0.04,0.075,0.32,0.225,0.5,0.0,0.0,0.0,0.0,2.0,0.0,0.0,0.0,3.375,0.0,0.3244138750000012,0.0,0.0,0.0,0.0,0.0,0.0,1.75,0.5,0.5,0.5,0.5,14.31
160791208066.93106,13.130586125000004,1.0,1.0,1.0,1.0,1.0,1.0,0.0,0.0,0.0,1.0,1.0,0.0,1.0,1.0,1.0,1.0,1.0,1.0,0.0,1.0,0.0,0.0,0.0,1.0,1.0,1.0,1.0,1.0,0.0,3.910676954999998,0.0,13.87789111,11.086394485000001,24.964285595,0.0375,0.04,0.075,0.32,0.225,0.5,0.0,0.0,0.0,0.0,2.0,0.0,0.0,0.0,3.375,0.0,0.33178559500000127,0.0,0.0,0.0,0.0,0.0,0.0,1.75,0.5,0.5,0.5,0.5,14.31
160791208066.93106,13.438010268750006,1.0,1.0,1.0,1.0,1.0,1.0,0.0,0.0,0.0,1.0,1.0,0.0,1.0,1.0,1.0,1.0,1.0,1.0,0.0,1.0,0.0,0.0,0.0,1.0,1.0,1.0,1.0,1.0,0.0,2.6528521550000015,8.881784197001252e-16,13.62631904,12.063175934999999,25.689494975,0.0375,0.04,0.075,0.32,0.225,0.5,0.0,0.0,0.0,0.0,2.0,0.0,0.0,0.0,3.375,0.0,0.95,0.10699497500000033,0.0,0.0,0.0,0.0,0.0,1.75,0.5,0.5,0.5,0.5,14.31
160791208066.93106,13.445386976250003,1.0,1.0,1.0,1.0,1.0,1.0,0.0,0.0,0.0,1.0,1.0,0.0,1.0,1.0,1.0,1.0,1.0,1.0,0.0,1.0,0.0,0.0,0.0,1.0,1.0,1.0,1.0,1.0,0.0,5.294479711875002,0.0,15.07290388,10.973732498124999,26.046636378125,0.0375,0.04,0.075,0.32,0.225,0.5,0.0,0.0,0.0,0.0,2.0,0.0,0.0,0.0,3.375,0.0,0.95,0.46413637812500075,0.0,0.0,0.0,0.0,0.0,1.75,0.5,0.5,0.5,0.5,14.31
160791208066.93106,12.27116299546875,1.0,1.0,1.0,1.0,1.0,1.0,0.0,0.0,0.0,1.0,1.0,0.0,1.0,1.0,1.0,1.0,1.0,1.0,0.0,1.0,0.0,0.0,0.0,1.0,1.0,1.0,1.0,1.0,0.0,3.7979903425000003,0.0,13.95473427,11.2541216975,25.2088559675,0.0375,0.04,0.075,0.32,0.225,0.5,0.0,0.0,0.0,0.0,2.0,0.0,0.0,0.0,3.375,0.0,0.5763559674999996,0.0,0.0,0.0,0.0,0.0,0.0,1.75,0.5,0.5,0.5,0.5,14.31
160791208066.93106,13.319235305625007,1.0,1.0,1.0,1.0,1.0,1.0,0.0,0.0,0.0,1.0,1.0,0.0,1.0,1.0,1.0,1.0,1.0,1.0,0.0,1.0,0.0,0.0,0.0,1.0,1.0,1.0,1.0,1.0,0.0,5.499922934999999,0.0,14.96280868,10.629708565,25.592517245,0.0375,0.04,0.075,0.32,0.225,0.5,0.0,0.0,0.0,0.0,2.0,0.0,0.0,0.0,3.375,0.0,0.95,0.010017244999999564,0.0,0.0,0.0,0.0,0.0,1.75,0.5,0.5,0.5,0.5,14.31
160791208066.93106,12.494982755000006,1.0,1.0,1.0,1.0,1.0,1.0,0.0,0.0,0.0,1.0,1.0,0.0,1.0,1.0,1.0,1.0,1.0,1.0,0.0,1.0,0.0,0.0,0.0,1.0,1.0,1.0,1.0,1.0,0.0,6.053297321874998,0.0,15.02480397,10.133406468125001,25.158210438125003,0.0375,0.04,0.075,0.32,0.225,0.5,0.0,0.0,0.0,0.0,2.0,0.0,0.0,0.0,3.375,0.0,0.5257104381250013,0.0,0.0,0.0,0.0,0.0,0.0,1.75,0.5,0.5,0.5,0.5,14.31
160791208066.93106,12.929289561875002,1.0,1.0,1.0,1.0,1.0,1.0,0.0,0.0,0.0,1.0,1.0,0.0,1.0,1.0,1.0,1.0,1.0,1.0,0.0,1.0,0.0,0.0,0.0,1.0,1.0,1.0,1.0,1.0,0.0,8.374832242500002,0.0,16.02098347,8.8748158975,24.8957993675,0.0375,0.04,0.075,0.32,0.225,0.5,0.0,0.0,0.0,0.0,2.0,0.0,0.0,0.0,3.375,0.0,0.26329936750000016,0.0,0.0,0.0,0.0,0.0,0.0,1.75,0.5,0.5,0.5,0.5,14.31
160791208066.93106,13.191700632500005,1.0,1.0,1.0,1.0,1.0,1.0,0.0,0.0,0.0,1.0,1.0,0.0,1.0,1.0,1.0,1.0,1.0,1.0,0.0,1.0,0.0,0.0,0.0,1.0,1.0,1.0,1.0,1.0,0.0,8.179594509999998,0.0,15.80499175,8.827508250000001,24.6325,0.0375,0.04,0.075,0.32,0.225,0.5,0.0,0.0,0.0,0.0,2.0,0.0,0.0,0.0,3.375,0.0,0.0,0.0,0.0,0.0,0.0,0.0,0.0,1.75,0.5,0.5,0.5,0.5,14.31
160791208066.93106,13.455000000000005,1.0,1.0,1.0,1.0,1.0,1.0,0.0,0.0,0.0,1.0,1.0,0.0,1.0,1.0,1.0,1.0,1.0,1.0,0.0,1.0,0.0,0.0,0.0,1.0,1.0,1.0,1.0,1.0,0.0,8.68118021,0.0,16.05140592,8.58109408,24.6325,0.0375,0.04,0.075,0.32,0.225,0.5,0.0,0.0,0.0,0.0,2.0,0.0,0.0,0.0,3.375,0.0,0.0,0.0,0.0,0.0,0.0,0.0,0.0,1.75,0.5,0.5,0.5,0.5,14.31
160791208066.93106,13.455000000000005,1.0,1.0,1.0,1.0,1.0,1.0,0.0,0.0,0.0,1.0,1.0,0.0,1.0,1.0,1.0,1.0,1.0,1.0,0.0,1.0,0.0,0.0,0.0,1.0,1.0,1.0,1.0,1.0,0.0,9.336003729999998,0.0,16.37173859,8.26076141,24.6325,0.0375,0.04,0.075,0.32,0.225,0.5,0.0,0.0,0.0,0.0,2.0,0.0,0.0,0.0,3.375,0.0,0.0,0.0,0.0,0.0,0.0,0.0,0.0,1.75,0.5,0.5,0.5,0.5,14.31
160791208066.93106,13.455000000000005,1.0,1.0,1.0,1.0,1.0,1.0,0.0,0.0,0.0,1.0,1.0,0.0,1.0,1.0,1.0,1.0,1.0,1.0,0.0,1.0,0.0,0.0,0.0,1.0,1.0,1.0,1.0,1.0,0.0,7.02870998,0.0,15.26410721,9.36839279,24.6325,0.0375,0.04,0.075,0.32,0.225,0.5,0.0,0.0,0.0,0.0,2.0,0.0,0.0,0.0,3.375,0.0,0.0,0.0,0.0,0.0,0.0,0.0,0.0,1.75,0.5,0.5,0.5,0.5,14.31
160791208066.93106,13.455000000000005,1.0,1.0,1.0,1.0,1.0,1.0,0.0,0.0,0.0,1.0,1.0,0.0,1.0,1.0,1.0,1.0,1.0,1.0,0.0,1.0,0.0,0.0,0.0,1.0,1.0,1.0,1.0,1.0,0.0,6.875431434999999,0.0,15.24601516,9.493286065,24.739301225,0.0375,0.04,0.075,0.32,0.225,0.5,0.0,0.0,0.0,0.0,2.0,0.0,0.0,0.0,3.375,0.0,0.10680122499999989,0.0,0.0,0.0,0.0,0.0,0.0,1.75,0.5,0.5,0.5,0.5,14.31
160791208066.93106,13.348198775000007,1.0,1.0,1.0,1.0,1.0,1.0,0.0,0.0,0.0,1.0,1.0,0.0,1.0,1.0,1.0,1.0,1.0,1.0,0.0,1.0,0.0,0.0,0.0,1.0,1.0,1.0,1.0,1.0,0.0,4.594881827499998,0.0,14.15396109,10.593243252500002,24.7472043425,0.0375,0.04,0.075,0.32,0.225,0.5,0.0,0.0,0.0,0.0,2.0,0.0,0.0,0.0,3.375,0.0,0.11470434250000139,0.0,0.0,0.0,0.0,0.0,0.0,1.75,0.5,0.5,0.5,0.5,14.31
160791208066.93106,13.340295657500004,1.0,1.0,1.0,1.0,1.0,1.0,0.0,0.0,0.0,1.0,1.0,0.0,1.0,1.0,1.0,1.0,1.0,1.0,0.0,1.0,0.0,0.0,0.0,1.0,1.0,1.0,1.0,1.0,0.0,0.0,0.0,14.10442571,15.12707372,29.23149943,0.0375,0.04,0.075,0.32,0.225,0.5,0.0,0.0,0.0,4.5,2.0,0.0,0.0,0.0,3.375,0.0,0.8529494875000001,0.0,0.0,0.0,0.0,0.0,0.0,1.75,0.5,0.5,0.5,0.5,13.556049942500001
160791208066.93106,12.201305860000005,1.0,1.0,1.0,1.0,1.0,1.0,0.0,0.0,0.0,1.0,1.0,0.0,1.0,1.0,1.0,1.0,1.0,1.0,0.0,1.0,0.0,0.0,0.0,1.0,1.0,1.0,1.0,1.0,0.0,2.0654352406250034,0.0,15.59387627,14.650453329374997,30.244329599375,0.0375,0.04,0.075,0.32,0.225,0.5,0.0,0.0,0.0,4.5,2.0,0.0,0.0,0.0,3.375,0.0,0.95,0.16182959937499963,0.0,0.0,0.0,0.0,0.0,1.75,0.5,0.5,0.5,0.5,14.31
160791208066.93106,10.83101039765625,1.0,1.0,1.0,1.0,1.0,1.0,0.0,0.0,0.0,1.0,1.0,0.0,1.0,1.0,1.0,1.0,1.0,1.0,0.0,1.0,0.0,0.0,0.0,1.0,1.0,1.0,1.0,1.0,0.0,0.555338393125,0.0,14.43988349,14.915614216875,29.355497706875,0.0375,0.04,0.075,0.32,0.225,0.5,0.0,0.0,0.0,4.5,2.0,0.0,0.0,0.0,3.375,0.0,0.22299770687500065,0.0,0.0,0.0,0.0,0.0,0.0,1.75,0.5,0.5,0.5,0.5,14.31
160791208066.93106,11.918712955781253,1.0,1.0,1.0,1.0,1.0,1.0,0.0,0.0,0.0,1.0,1.0,0.0,1.0,1.0,1.0,1.0,1.0,1.0,0.0,1.0,0.0,0.0,0.0,1.0,1.0,1.0,1.0,1.0,0.0,2.205809430000002,0.0,15.48345066,14.374812559999999,29.858263219999998,0.0375,0.04,0.075,0.32,0.225,0.5,0.0,0.0,0.0,4.5,2.0,0.0,0.0,0.0,3.375,0.0,0.725763220000001,0.0,0.0,0.0,0.0,0.0,0.0,1.75,0.5,0.5,0.5,0.5,14.31
160791208066.93106,11.010346200000008,1.0,1.0,1.0,1.0,1.0,1.0,0.0,0.0,0.0,1.0,1.0,0.0,1.0,1.0,1.0,1.0,1.0,1.0,0.0,1.0,0.0,0.0,0.0,1.0,1.0,1.0,1.0,1.0,0.0,2.9008589800000006,0.0,15.55093742,13.74363693,29.294574349999998,0.0375,0.04,0.075,0.32,0.225,0.5,0.0,0.0,0.0,4.5,2.0,0.0,0.0,0.0,3.375,0.0,0.16207435000000103,0.0,0.0,0.0,0.0,0.0,0.0,1.75,0.5,0.5,0.5,0.5,14.31
160791208066.93106,11.100653347500007,1.0,1.0,1.0,1.0,1.0,1.0,0.0,0.0,0.0,1.0,1.0,0.0,1.0,1.0,1.0,1.0,1.0,1.0,0.0,1.0,0.0,0.0,0.0,1.0,1.0,1.0,1.0,1.0,0.0,5.1906078175,0.0,16.58562416,12.5524232925,29.138047452499997,0.0375,0.04,0.075,0.32,0.225,0.5,0.0,0.0,0.0,4.5,2.0,0.0,0.0,0.0,3.375,0.0,0.005547452500000105,0.0,0.0,0.0,0.0,0.0,0.0,1.75,0.5,0.5,0.5,0.5,14.31
160791208066.93106,10.363770016875009,1.0,1.0,1.0,1.0,1.0,1.0,0.0,0.0,0.0,1.0,1.0,0.0,1.0,1.0,1.0,1.0,1.0,1.0,0.0,1.0,0.0,0.0,0.0,1.0,1.0,1.0,1.0,1.0,0.0,4.732933060000002,0.0,16.3660585,12.766441499999997,29.1325,0.0375,0.04,0.075,0.32,0.225,0.5,0.0,0.0,0.0,4.5,2.0,0.0,0.0,0.0,3.375,0.0,0.0,0.0,0.0,0.0,0.0,0.0,0.0,1.75,0.5,0.5,0.5,0.5,14.31
160791208066.93106,10.529831125000001,1.0,1.0,1.0,1.0,1.0,1.0,0.0,0.0,0.0,1.0,1.0,0.0,1.0,1.0,1.0,1.0,1.0,1.0,0.0,1.0,0.0,0.0,0.0,1.0,1.0,1.0,1.0,1.0,0.0,5.262265690000005,0.0,16.62616828,12.506331719999997,29.1325,0.0375,0.04,0.075,0.32,0.225,0.5,0.0,0.0,0.0,4.5,2.0,0.0,0.0,0.0,3.375,0.0,0.0,0.0,0.0,0.0,0.0,0.0,0.0,1.75,0.5,0.5,0.5,0.5,14.31
160791208066.93106,10.334748789999999,1.0,1.0,1.0,1.0,1.0,1.0,0.0,0.0,0.0,1.0,1.0,0.0,1.0,1.0,1.0,1.0,1.0,1.0,0.0,1.0,0.0,0.0,0.0,1.0,1.0,1.0,1.0,1.0,0.0,5.94820281,0.0,16.96213723,12.170362769999999,29.1325,0.0375,0.04,0.075,0.32,0.225,0.5,0.0,0.0,0.0,4.5,2.0,0.0,0.0,0.0,3.375,0.0,0.0,0.0,0.0,0.0,0.0,0.0,0.0,1.75,0.5,0.5,0.5,0.5,14.31
160791208066.93106,10.082772077500003,1.0,1.0,1.0,1.0,1.0,1.0,0.0,0.0,0.0,1.0,1.0,0.0,1.0,1.0,1.0,1.0,1.0,1.0,0.0,1.0,0.0,0.0,0.0,1.0,1.0,1.0,1.0,1.0,0.0,3.542734920000001,0.0,15.80315501,13.32934499,29.1325,0.0375,0.04,0.075,0.32,0.225,0.5,0.0,0.0,0.0,4.5,2.0,0.0,0.0,0.0,3.375,0.0,0.0,0.0,0.0,0.0,0.0,0.0,0.0,1.75,0.5,0.5,0.5,0.5,14.31
160791208066.93106,10.952008742500006,1.0,1.0,1.0,1.0,1.0,1.0,0.0,0.0,0.0,1.0,1.0,0.0,1.0,1.0,1.0,1.0,1.0,1.0,0.0,1.0,0.0,0.0,0.0,1.0,1.0,1.0,1.0,1.0,0.0,3.504533620000002,0.0,15.78879852,13.343701479999998,29.1325,0.0375,0.04,0.075,0.32,0.225,0.5,0.0,0.0,0.0,4.5,2.0,0.0,0.0,0.0,3.375,0.0,0.0,0.0,0.0,0.0,0.0,0.0,0.0,1.75,0.5,0.5,0.5,0.5,14.31
160791208066.93106,10.96277611,1.0,1.0,1.0,1.0,1.0,1.0,0.0,0.0,0.0,1.0,1.0,0.0,1.0,1.0,1.0,1.0,1.0,1.0,0.0,1.0,0.0,0.0,0.0,1.0,1.0,1.0,1.0,1.0,0.0,1.147019760000001,0.0,14.65215286,14.48034714,29.1325,0.0375,0.04,0.075,0.32,0.225,0.5,0.0,0.0,0.0,4.5,2.0,0.0,0.0,0.0,3.375,0.0,0.0,0.0,0.0,0.0,0.0,0.0,0.0,1.75,0.5,0.5,0.5,0.5,14.31
